# crop nbart_red nbart_nir NDVI SOS POS EOS Trough vSOS vPOS vEOS LOS AOS ROG ROS
1.000000 889.131958 2409.197998 0.460859 54.000000 118.000000 262.000000 0.347378 0.506964 0.571692 0.367031 208.000000 0.224314 0.001011 -0.001421
1.000000 777.010132 2384.029785 0.508383 54.000000 118.000000 262.000000 0.391374 0.576763 0.598098 0.420745 208.000000 0.206724 0.000333 -0.001232
1.000000 698.190674 2591.163574 0.575485 54.000000 118.000000 262.000000 0.446830 0.626076 0.675792 0.479134 208.000000 0.228962 0.000777 -0.001366
1.000000 770.780884 2660.078125 0.550678 54.000000 118.000000 262.000000 0.418526 0.603960 0.678355 0.448657 208.000000 0.259829 0.001162 -0.001595
1.000000 876.362244 2608.889160 0.497102 54.000000 118.000000 262.000000 0.376552 0.511418 0.684645 0.403184 208.000000 0.308093 0.002707 -0.001955
1.000000 889.797119 2582.227051 0.487448 54.000000 118.000000 262.000000 0.366396 0.471668 0.658419 0.382863 208.000000 0.292023 0.002918 -0.001914
1.000000 924.501099 2487.073730 0.458021 54.000000 118.000000 262.000000 0.350303 0.523856 0.624161 0.370906 208.000000 0.273858 0.001567 -0.001759
1.000000 934.184021 2461.208496 0.449734 54.000000 118.000000 262.000000 0.290956 0.611834 0.640348 0.387061 208.000000 0.349392 0.000446 -0.001759
1.000000 818.557495 2512.553467 0.508538 54.000000 118.000000 246.000000 0.402201 0.485650 0.596779 0.413276 192.000000 0.194578 0.001736 -0.001434
1.000000 945.839844 2623.726562 0.470053 54.000000 118.000000 246.000000 0.405975 0.406323 0.569613 0.418232 192.000000 0.163638 0.002551 -0.001183
1.000000 858.847229 2608.350342 0.504587 54.000000 118.000000 262.000000 0.418685 0.418685 0.606926 0.448401 208.000000 0.188241 0.002941 -0.001101
1.000000 904.189270 2583.879150 0.481553 54.000000 118.000000 246.000000 0.298056 0.529412 0.630779 0.404838 192.000000 0.332723 0.001584 -0.001765
1.000000 1023.221558 2603.354980 0.435709 54.000000 118.000000 262.000000 0.351365 0.622004 0.683565 0.394457 208.000000 0.332199 0.000962 -0.002008
1.000000 885.749695 2476.481445 0.473118 54.000000 118.000000 262.000000 0.378482 0.549833 0.586609 0.385095 208.000000 0.208128 0.000575 -0.001399
1.000000 906.997192 2486.000488 0.465371 54.000000 118.000000 262.000000 0.406432 0.419959 0.694720 0.421010 208.000000 0.288288 0.004293 -0.001901
1.000000 916.807007 2602.496582 0.478984 54.000000 118.000000 230.000000 0.398337 0.425538 0.659628 0.422158 176.000000 0.261291 0.003658 -0.002120
1.000000 984.000122 2719.000488 0.468539 54.000000 118.000000 246.000000 0.217949 0.479960 0.681488 0.413380 192.000000 0.463540 0.003149 -0.002095
1.000000 1030.254028 2740.615723 0.453572 54.000000 118.000000 246.000000 0.370342 0.547691 0.651581 0.421591 192.000000 0.281239 0.001623 -0.001797
1.000000 860.177063 2529.677979 0.492499 54.000000 118.000000 294.000000 0.398856 0.526627 0.570289 0.404792 240.000000 0.171433 0.000682 -0.000940
1.000000 831.330322 2445.944336 0.492670 54.000000 118.000000 262.000000 0.396628 0.476473 0.613572 0.426596 208.000000 0.216944 0.002142 -0.001298
1.000000 911.687195 2590.952637 0.479429 54.000000 118.000000 262.000000 0.415409 0.437500 0.626174 0.442977 208.000000 0.210765 0.002948 -0.001272
1.000000 902.999756 2558.000244 0.478186 54.000000 118.000000 246.000000 0.389419 0.389419 0.623500 0.432188 192.000000 0.234080 0.003658 -0.001495
1.000000 781.082764 2486.421631 0.521909 6.000000 118.000000 342.000000 0.419779 0.500938 0.654608 0.448539 336.000000 0.234829 0.001372 -0.000920
1.000000 818.101135 2570.084717 0.517086 6.000000 118.000000 246.000000 0.432475 0.500403 0.652977 0.446929 240.000000 0.220502 0.001362 -0.001610
1.000000 1009.188477 2831.906982 0.474531 6.000000 118.000000 230.000000 0.247963 0.467259 0.632911 0.439529 224.000000 0.384949 0.001479 -0.001727
1.000000 1045.426025 2674.377930 0.437913 6.000000 118.000000 342.000000 0.367204 0.445393 0.576900 0.418356 336.000000 0.209696 0.001174 -0.000708
1.000000 895.750671 2559.277344 0.481480 6.000000 118.000000 262.000000 0.374772 0.469523 0.628391 0.404855 256.000000 0.253619 0.001418 -0.001552
1.000000 862.997742 2468.000244 0.481838 6.000000 118.000000 246.000000 0.343926 0.480025 0.650288 0.450531 240.000000 0.306362 0.001520 -0.001561
1.000000 795.666626 2700.314941 0.544811 6.000000 118.000000 342.000000 0.447281 0.562911 0.741935 0.506688 336.000000 0.294655 0.001598 -0.001050
1.000000 889.358093 2737.916016 0.509627 6.000000 118.000000 342.000000 0.413027 0.517306 0.683298 0.449885 336.000000 0.270271 0.001482 -0.001042
1.000000 920.923950 2639.235352 0.482650 6.000000 118.000000 342.000000 0.381845 0.476471 0.623056 0.441441 336.000000 0.241211 0.001309 -0.000811
1.000000 1074.767822 2773.219482 0.441387 6.000000 118.000000 342.000000 0.369279 0.456861 0.593906 0.407977 336.000000 0.224626 0.001224 -0.000830
1.000000 926.017029 2639.399902 0.480556 6.000000 118.000000 230.000000 0.394362 0.480482 0.627834 0.441263 224.000000 0.233472 0.001316 -0.001666
1.000000 909.388428 2642.257324 0.487906 6.000000 118.000000 246.000000 0.389849 0.497635 0.681744 0.430851 240.000000 0.291895 0.001644 -0.001960
1.000000 906.916931 2714.919922 0.499195 6.000000 118.000000 262.000000 0.409922 0.516495 0.704207 0.438012 256.000000 0.294285 0.001676 -0.001849
1.000000 902.553284 2627.880859 0.488701 6.000000 118.000000 262.000000 0.416392 0.531488 0.732772 0.449808 256.000000 0.316380 0.001797 -0.001965
1.000000 744.399963 2724.898438 0.570864 6.000000 118.000000 342.000000 0.428419 0.561893 0.733898 0.479137 336.000000 0.305479 0.001536 -0.001137
1.000000 854.028931 2961.012695 0.552283 6.000000 118.000000 342.000000 0.407767 0.529886 0.706417 0.458119 336.000000 0.298650 0.001576 -0.001108
1.000000 916.094177 2873.940918 0.516577 6.000000 118.000000 214.000000 0.397902 0.510752 0.721037 0.442277 208.000000 0.323136 0.001878 -0.002904
1.000000 983.556641 2804.112793 0.480653 6.000000 118.000000 214.000000 0.385293 0.496030 0.685386 0.439907 208.000000 0.300093 0.001691 -0.002557
1.000000 933.854736 2697.987793 0.485741 6.000000 118.000000 246.000000 0.396791 0.494457 0.658365 0.424473 240.000000 0.261574 0.001463 -0.001827
1.000000 997.327942 2866.468750 0.483758 6.000000 118.000000 262.000000 0.379794 0.486695 0.666667 0.418351 256.000000 0.286872 0.001607 -0.001724
1.000000 760.036987 2519.941406 0.536560 6.000000 118.000000 230.000000 0.428910 0.533332 0.720559 0.445632 224.000000 0.291649 0.001672 -0.002455
1.000000 725.414734 2400.421875 0.535859 6.000000 118.000000 262.000000 0.472081 0.585920 0.784932 0.503871 256.000000 0.312851 0.001777 -0.001952
1.000000 801.372803 2559.800781 0.523159 6.000000 118.000000 230.000000 0.396359 0.510029 0.701057 0.445022 224.000000 0.304697 0.001706 -0.002286
1.000000 728.651367 2869.787354 0.595018 6.000000 118.000000 342.000000 0.454359 0.579543 0.771770 0.522769 336.000000 0.317411 0.001716 -0.001112
1.000000 931.208374 3026.624023 0.529435 6.000000 118.000000 214.000000 0.411898 0.539706 0.756642 0.479422 208.000000 0.344744 0.001937 -0.002888
1.000000 913.092224 2874.050781 0.517794 6.000000 118.000000 342.000000 0.395201 0.521209 0.731326 0.463035 336.000000 0.336125 0.001876 -0.001198
1.000000 817.604797 2462.269043 0.501441 6.000000 118.000000 342.000000 0.380696 0.498820 0.680206 0.433939 336.000000 0.299510 0.001620 -0.001099
1.000000 1028.184448 2619.448242 0.436246 6.000000 118.000000 262.000000 0.341814 0.443386 0.646987 0.398019 256.000000 0.305173 0.001818 -0.001729
1.000000 803.223267 2435.483643 0.503985 6.000000 118.000000 214.000000 0.398325 0.523356 0.737092 0.481627 208.000000 0.338767 0.001908 -0.002661
1.000000 781.995728 2419.995605 0.511557 6.000000 118.000000 230.000000 0.432827 0.582669 0.805623 0.507972 224.000000 0.372797 0.001991 -0.002658
1.000000 841.427063 2776.117676 0.534808 6.000000 118.000000 230.000000 0.390173 0.502644 0.691686 0.447860 224.000000 0.301513 0.001688 -0.002177
1.000000 700.989380 2458.992432 0.556333 6.000000 118.000000 342.000000 0.460725 0.585619 0.764517 0.531442 336.000000 0.303793 0.001597 -0.001041
1.000000 750.300354 2715.677490 0.567048 6.000000 118.000000 342.000000 0.428929 0.557599 0.736180 0.502075 336.000000 0.307251 0.001594 -0.001045
1.000000 826.558716 2710.988281 0.532694 6.000000 118.000000 342.000000 0.387447 0.515744 0.703162 0.468526 336.000000 0.315714 0.001673 -0.001047
1.000000 916.949463 2291.573242 0.428429 6.000000 118.000000 342.000000 0.356364 0.466320 0.682153 0.413487 336.000000 0.325789 0.001927 -0.001199
1.000000 977.782837 2354.255859 0.413102 6.000000 118.000000 214.000000 0.328253 0.465870 0.699600 0.397517 208.000000 0.371347 0.002087 -0.003147
1.000000 870.642273 2352.095703 0.459688 6.000000 118.000000 214.000000 0.389003 0.515431 0.722966 0.471940 208.000000 0.333963 0.001853 -0.002615
1.000000 754.200012 2342.976318 0.512976 6.000000 118.000000 214.000000 0.444011 0.583333 0.777778 0.527520 208.000000 0.333767 0.001736 -0.002607
1.000000 771.999695 2547.999756 0.534940 6.000000 118.000000 214.000000 0.476467 0.608623 0.810856 0.534940 208.000000 0.334389 0.001806 -0.002874
1.000000 724.808472 2381.124512 0.533275 6.000000 118.000000 342.000000 0.427027 0.543435 0.713999 0.483849 336.000000 0.286972 0.001523 -0.001027
1.000000 790.495605 2356.924805 0.497687 6.000000 118.000000 342.000000 0.387382 0.511826 0.694594 0.464435 336.000000 0.307212 0.001632 -0.001027
1.000000 699.265503 2397.527344 0.548394 6.000000 118.000000 342.000000 0.451565 0.579911 0.763912 0.524382 336.000000 0.312348 0.001643 -0.001069
1.000000 681.858398 2587.662109 0.582900 6.000000 118.000000 214.000000 0.498546 0.641689 0.822411 0.570674 208.000000 0.323866 0.001614 -0.002622
1.000000 762.142029 2668.627686 0.555702 6.000000 118.000000 246.000000 0.434975 0.536112 0.691455 0.489796 240.000000 0.256480 0.001387 -0.001575
1.000000 823.547058 2744.512207 0.538378 6.000000 118.000000 246.000000 0.410392 0.516393 0.678298 0.468543 240.000000 0.267906 0.001446 -0.001639
1.000000 745.799500 2672.264893 0.563613 6.000000 118.000000 230.000000 0.409968 0.531029 0.682597 0.481678 224.000000 0.272629 0.001353 -0.001794
1.000000 739.018616 2627.813965 0.561001 6.000000 118.000000 246.000000 0.423588 0.541911 0.714114 0.494243 240.000000 0.290526 0.001538 -0.001718
1.000000 638.338440 2440.856201 0.585386 6.000000 118.000000 214.000000 0.478747 0.615350 0.795606 0.570984 208.000000 0.316859 0.001609 -0.002340
1.000000 801.209106 2694.637939 0.541622 6.000000 118.000000 214.000000 0.442925 0.565913 0.745777 0.534806 208.000000 0.302852 0.001606 -0.002198
1.000000 805.434814 2548.440430 0.519699 6.000000 118.000000 342.000000 0.411895 0.515784 0.652803 0.469439 336.000000 0.240908 0.001223 -0.000819
1.000000 940.529297 2475.763428 0.449386 6.000000 118.000000 214.000000 0.361442 0.462596 0.633644 0.434617 208.000000 0.272201 0.001527 -0.002073
1.000000 921.619568 2676.070068 0.487660 6.000000 118.000000 342.000000 0.357315 0.476256 0.643034 0.434116 336.000000 0.285719 0.001489 -0.000933
1.000000 919.085754 2701.739502 0.492334 6.000000 118.000000 246.000000 0.358734 0.470672 0.632505 0.422824 240.000000 0.273771 0.001445 -0.001638
1.000000 824.243164 2651.602783 0.525731 6.000000 118.000000 230.000000 0.404396 0.512455 0.655809 0.468860 224.000000 0.251413 0.001280 -0.001669
1.000000 805.826416 2500.360352 0.512534 6.000000 118.000000 342.000000 0.430909 0.545653 0.709518 0.494084 336.000000 0.278609 0.001463 -0.000962
1.000000 718.371094 2299.136475 0.523865 6.000000 118.000000 230.000000 0.422905 0.544145 0.722813 0.484572 224.000000 0.299908 0.001595 -0.002127
1.000000 792.608765 2747.617920 0.552227 6.000000 118.000000 342.000000 0.421345 0.546491 0.731447 0.485149 336.000000 0.310102 0.001651 -0.001100
1.000000 732.865112 2632.232178 0.564432 6.000000 118.000000 230.000000 0.441106 0.558988 0.736751 0.513632 224.000000 0.295645 0.001587 -0.001992
1.000000 732.865112 2632.232178 0.564432 6.000000 118.000000 230.000000 0.441106 0.558988 0.736751 0.513632 224.000000 0.295645 0.001587 -0.001992
1.000000 852.446655 2284.839844 0.456571 6.000000 118.000000 214.000000 0.335976 0.470755 0.650284 0.458679 208.000000 0.314308 0.001603 -0.001996
1.000000 969.060974 2502.693115 0.441746 6.000000 118.000000 214.000000 0.325049 0.461743 0.642099 0.434250 208.000000 0.317050 0.001610 -0.002165
1.000000 916.071106 2622.681396 0.482263 6.000000 118.000000 342.000000 0.374504 0.482579 0.653530 0.443678 336.000000 0.279026 0.001526 -0.000937
1.000000 832.994141 2552.786377 0.507946 6.000000 118.000000 246.000000 0.404895 0.496960 0.634276 0.468741 240.000000 0.229380 0.001226 -0.001293
1.000000 776.906860 2555.431396 0.533717 6.000000 118.000000 342.000000 0.428652 0.550104 0.734503 0.497201 336.000000 0.305851 0.001646 -0.001059
1.000000 794.537231 2990.401367 0.580158 6.000000 118.000000 230.000000 0.420807 0.541362 0.713233 0.492415 224.000000 0.292426 0.001535 -0.001972
1.000000 710.888550 2963.644287 0.613073 6.000000 118.000000 246.000000 0.444693 0.557712 0.732964 0.499788 240.000000 0.288271 0.001565 -0.001822
1.000000 817.417725 2491.936523 0.505996 6.000000 118.000000 342.000000 0.394639 0.503231 0.662086 0.462509 336.000000 0.267447 0.001418 -0.000891
1.000000 744.387329 2325.252441 0.515000 6.000000 118.000000 246.000000 0.421384 0.519336 0.670323 0.479698 240.000000 0.248939 0.001348 -0.001489
1.000000 713.235657 2452.174805 0.549357 6.000000 118.000000 246.000000 0.433974 0.534138 0.671958 0.492077 240.000000 0.237984 0.001231 -0.001405
1.000000 734.551392 2661.777344 0.567444 6.000000 118.000000 342.000000 0.432740 0.548238 0.725217 0.490334 336.000000 0.292477 0.001580 -0.001049
1.000000 748.533997 3123.320801 0.613346 6.000000 118.000000 246.000000 0.458675 0.561939 0.736133 0.502140 240.000000 0.277457 0.001555 -0.001828
1.000000 792.344421 3028.633789 0.585266 6.000000 118.000000 246.000000 0.433910 0.548441 0.729409 0.522254 240.000000 0.295498 0.001616 -0.001618
1.000000 653.067566 2305.231934 0.558484 6.000000 118.000000 246.000000 0.435806 0.554921 0.703549 0.505707 240.000000 0.267743 0.001327 -0.001546
1.000000 666.598022 2290.831543 0.549204 6.000000 118.000000 342.000000 0.439315 0.546379 0.696471 0.491454 336.000000 0.257156 0.001340 -0.000915
1.000000 810.334351 2598.434570 0.524559 6.000000 118.000000 246.000000 0.412763 0.537240 0.736614 0.491323 240.000000 0.323850 0.001780 -0.001916
1.000000 672.613403 2699.438232 0.601066 6.000000 118.000000 342.000000 0.375000 0.599699 0.744774 0.553692 336.000000 0.369774 0.001295 -0.000853
1.000000 708.144653 2637.213135 0.576640 6.000000 118.000000 342.000000 0.404022 0.574596 0.745489 0.525557 336.000000 0.341467 0.001526 -0.000982
1.000000 727.008606 2442.976807 0.541317 6.000000 118.000000 230.000000 0.421399 0.542460 0.749922 0.496152 224.000000 0.328523 0.001852 -0.002266
1.000000 735.510742 2483.790283 0.543062 6.000000 118.000000 246.000000 0.441637 0.545975 0.731361 0.490607 240.000000 0.289724 0.001655 -0.001881
1.000000 778.999878 2865.000244 0.572448 6.000000 118.000000 230.000000 0.450373 0.557017 0.727074 0.489664 224.000000 0.276702 0.001518 -0.002120
1.000000 692.604614 2578.002930 0.576467 6.000000 118.000000 342.000000 0.226897 0.575074 0.770890 0.554543 336.000000 0.543993 0.001748 -0.000966
1.000000 762.071838 2550.120361 0.539838 6.000000 118.000000 342.000000 0.342851 0.563229 0.752285 0.529829 336.000000 0.409435 0.001688 -0.000993
1.000000 726.992188 2629.160645 0.566770 6.000000 118.000000 342.000000 0.414320 0.576558 0.781675 0.550781 336.000000 0.367355 0.001831 -0.001031
1.000000 717.716675 2526.194092 0.557499 6.000000 118.000000 230.000000 0.456637 0.566709 0.749140 0.496765 224.000000 0.292503 0.001629 -0.002253
1.000000 707.979919 2437.176514 0.549797 6.000000 118.000000 246.000000 0.429765 0.550064 0.746629 0.490853 240.000000 0.316864 0.001755 -0.001998
1.000000 1501.947998 2015.918701 0.146103 11.000000 43.000000 139.000000 0.078270 0.150937 0.193725 0.149597 128.000000 0.115455 0.001337 -0.000460
1.000000 1551.000488 2093.289307 0.148805 11.000000 59.000000 139.000000 0.122494 0.154556 0.204593 0.147157 128.000000 0.082098 0.001042 -0.000718
1.000000 1368.478638 2143.390869 0.220655 11.000000 203.000000 267.000000 0.126866 0.218697 0.296655 0.210993 256.000000 0.169790 0.000406 -0.001338
1.000000 1455.998657 2200.471436 0.203604 43.000000 203.000000 347.000000 -0.135308 0.007737 0.271535 0.212405 304.000000 0.406842 0.001649 -0.000411
1.000000 1687.000000 2713.999756 0.233356 91.000000 203.000000 251.000000 0.138362 0.213213 0.363063 0.235280 160.000000 0.224701 0.001338 -0.002662
1.000000 1619.419800 2216.497803 0.155655 11.000000 59.000000 139.000000 0.140177 0.159776 0.200000 0.150549 128.000000 0.059823 0.000838 -0.000618
1.000000 1395.197021 2165.666016 0.216371 43.000000 187.000000 299.000000 0.083028 0.185960 0.309609 0.223633 256.000000 0.226581 0.000859 -0.000768
1.000000 1355.261230 2092.896484 0.213922 91.000000 187.000000 315.000000 -0.132942 0.005634 0.333118 0.232963 224.000000 0.466060 0.003411 -0.000782
1.000000 1622.119019 2453.255859 0.203941 11.000000 203.000000 347.000000 0.102143 0.202111 0.283172 0.200972 336.000000 0.181029 0.000422 -0.000571
1.000000 1346.878906 2149.223877 0.229497 43.000000 171.000000 267.000000 0.000000 0.154257 0.302487 0.247616 224.000000 0.302487 0.001158 -0.000572
1.000000 1408.681152 2055.950684 0.186822 123.000000 203.000000 347.000000 -0.150072 -0.026509 0.267151 0.213511 224.000000 0.417223 0.003671 -0.000373
1.000000 1391.851074 2160.871582 0.216460 75.000000 203.000000 219.000000 -0.033703 0.046200 0.353498 0.232697 144.000000 0.387202 0.002401 -0.007550
1.000000 1378.473389 2210.186523 0.231762 123.000000 203.000000 347.000000 0.066486 0.192749 0.344675 0.259678 224.000000 0.278190 0.001899 -0.000590
1.000000 1525.100464 1983.243286 0.130587 75.000000 203.000000 283.000000 -0.130905 -0.061069 0.250478 0.170186 208.000000 0.381383 0.002434 -0.001004
1.000000 1510.999634 2057.000244 0.153027 139.000000 203.000000 235.000000 -0.057659 0.052209 0.258899 0.184068 96.000000 0.316557 0.003230 -0.002338
1.000000 1674.727295 2334.613037 0.164587 187.000000 203.000000 251.000000 0.139518 0.172147 0.207836 0.158632 64.000000 0.068319 0.002231 -0.001025
1.000000 1435.253174 2188.640625 0.207894 139.000000 203.000000 347.000000 0.051903 0.169435 0.276783 0.231339 208.000000 0.224880 0.001677 -0.000316
1.000000 1506.964233 2051.034180 0.152915 123.000000 219.000000 315.000000 -0.106001 0.035766 0.267538 0.194284 192.000000 0.373539 0.002414 -0.000763
1.000000 1349.709106 2203.178711 0.240219 139.000000 219.000000 315.000000 -0.020481 0.114633 0.358282 0.266354 176.000000 0.378763 0.003046 -0.000958
1.000000 1675.309448 2618.117676 0.219593 91.000000 219.000000 299.000000 0.122604 0.201172 0.283376 0.219030 208.000000 0.160772 0.000642 -0.000804
1.000000 1494.735718 2217.236572 0.194641 139.000000 219.000000 347.000000 0.029456 0.137939 0.276320 0.218377 208.000000 0.246864 0.001730 -0.000453
1.000000 1615.193604 2167.750732 0.146065 91.000000 219.000000 267.000000 -0.156503 0.005101 0.245124 0.211684 176.000000 0.401627 0.001875 -0.000697
1.000000 1356.999634 2279.741943 0.253728 43.000000 171.000000 315.000000 -0.008981 0.151176 0.361166 0.272969 272.000000 0.370146 0.001641 -0.000612
1.000000 1740.432739 2598.809082 0.197817 11.000000 203.000000 347.000000 0.142566 0.204640 0.265167 0.187430 336.000000 0.122601 0.000315 -0.000540
1.000000 1494.972046 2426.054932 0.237459 91.000000 219.000000 315.000000 0.015334 0.206667 0.311521 0.267704 224.000000 0.296187 0.000819 -0.000456
1.000000 1702.702148 2232.452148 0.134620 139.000000 251.000000 347.000000 -0.175022 0.095467 0.250083 0.203485 208.000000 0.425105 0.001381 -0.000485
1.000000 1465.008301 2247.892090 0.210855 91.000000 203.000000 251.000000 -0.053390 0.142537 0.321567 0.231056 160.000000 0.374958 0.001598 -0.001886
1.000000 1780.307739 2690.492432 0.203584 11.000000 203.000000 347.000000 0.145342 0.205059 0.256997 0.185280 336.000000 0.111655 0.000271 -0.000498
1.000000 1721.702271 2460.430176 0.176639 11.000000 171.000000 235.000000 0.113770 0.172190 0.214019 0.181400 224.000000 0.100249 0.000261 -0.000510
1.000000 1521.403442 2359.051270 0.215863 123.000000 235.000000 315.000000 0.018425 0.143313 0.282322 0.235864 192.000000 0.263896 0.001241 -0.000581
1.000000 1910.953125 2337.566650 0.100415 123.000000 235.000000 315.000000 -0.089825 0.088254 0.230447 0.181287 192.000000 0.320271 0.001270 -0.000614
1.000000 1596.160278 2418.460205 0.204826 187.000000 235.000000 315.000000 0.057335 0.199515 0.276397 0.240928 128.000000 0.219061 0.001602 -0.000443
1.000000 1724.658203 2385.428223 0.160768 123.000000 267.000000 315.000000 -0.037940 0.165468 0.289072 0.223063 192.000000 0.327012 0.000858 -0.001375
1.000000 1724.658203 2385.428223 0.160768 123.000000 267.000000 315.000000 -0.037940 0.165468 0.289072 0.223063 192.000000 0.327012 0.000858 -0.001375
1.000000 1775.004028 2481.992432 0.166077 75.000000 203.000000 347.000000 0.139068 0.164019 0.218105 0.166079 272.000000 0.079037 0.000423 -0.000361
1.000000 1418.999512 2211.999756 0.218397 139.000000 219.000000 347.000000 0.013009 0.183996 0.316145 0.218451 208.000000 0.303136 0.001652 -0.000763
1.000000 1282.090454 2227.250244 0.269327 123.000000 219.000000 315.000000 -0.049282 0.140978 0.362751 0.286283 192.000000 0.412033 0.002310 -0.000797
1.000000 1731.410156 2395.184570 0.160853 11.000000 203.000000 347.000000 0.110002 0.163938 0.209677 0.163577 336.000000 0.099675 0.000238 -0.000320
1.000000 1294.737793 2226.397705 0.264591 91.000000 219.000000 315.000000 0.026169 0.171043 0.338249 0.276923 224.000000 0.312080 0.001306 -0.000639
1.000000 1268.990479 2186.391357 0.265499 91.000000 203.000000 283.000000 -0.041862 0.193501 0.385384 0.279573 192.000000 0.427247 0.001713 -0.001323
1.000000 1330.048096 2270.533203 0.261204 11.000000 203.000000 315.000000 0.053624 0.257881 0.359851 0.248090 304.000000 0.306227 0.000531 -0.000998
1.000000 1312.612793 2194.266602 0.251407 43.000000 187.000000 283.000000 -0.017238 0.168587 0.331148 0.258725 240.000000 0.348385 0.001129 -0.000754
1.000000 1282.766602 2103.524414 0.242377 75.000000 203.000000 315.000000 -0.016884 0.172431 0.337232 0.247157 240.000000 0.354116 0.001288 -0.000804
0.000000 1076.999756 3024.999023 0.474890 15.000000 31.000000 79.000000 0.326232 0.451270 0.736853 0.480406 64.000000 0.410621 0.017849 -0.005343
0.000000 997.773560 2771.002686 0.470505 15.000000 31.000000 271.000000 0.352941 0.424550 0.737650 0.460285 256.000000 0.384709 0.019569 -0.001156
0.000000 981.151306 2761.828857 0.475738 15.000000 31.000000 319.000000 0.387104 0.387104 0.753591 0.488128 304.000000 0.366487 0.022905 -0.000922
0.000000 815.015259 3205.103271 0.594532 175.000000 319.000000 335.000000 0.236208 0.596004 0.772376 0.772376 160.000000 0.536169 0.001225 0.000000
0.000000 712.781860 3152.583496 0.631196 31.000000 319.000000 351.000000 0.235978 0.600425 0.759255 0.746540 320.000000 0.523277 0.000551 -0.000397
0.000000 703.594788 3299.245117 0.648452 31.000000 271.000000 319.000000 0.231907 0.617338 0.751043 0.729303 288.000000 0.519136 0.000557 -0.000453
0.000000 715.400757 3361.700928 0.649064 31.000000 271.000000 351.000000 0.231987 0.636780 0.760261 0.726099 320.000000 0.528273 0.000515 -0.000427
0.000000 777.214783 3565.160400 0.642032 175.000000 271.000000 287.000000 0.228383 0.588661 0.747776 0.720399 112.000000 0.519393 0.001657 -0.001711
0.000000 785.217712 3465.212891 0.630523 207.000000 271.000000 287.000000 0.247596 0.525409 0.710832 0.652618 80.000000 0.463236 0.002897 -0.003638
0.000000 845.215088 3216.127930 0.583776 143.000000 271.000000 319.000000 0.296754 0.560228 0.740465 0.615748 176.000000 0.443711 0.001408 -0.002598
0.000000 910.052856 3227.883545 0.560142 143.000000 271.000000 351.000000 0.301649 0.562641 0.676945 0.591103 208.000000 0.375296 0.000893 -0.001073
0.000000 818.359741 3128.117676 0.585271 15.000000 31.000000 287.000000 0.318398 0.318398 0.675152 0.628025 272.000000 0.356754 0.022297 -0.000184
0.000000 701.449097 3141.945557 0.634985 31.000000 175.000000 287.000000 0.369616 0.693182 0.718962 0.595537 256.000000 0.349346 0.000179 -0.001102
0.000000 666.742004 3359.811279 0.668827 31.000000 175.000000 287.000000 0.410777 0.694369 0.784135 0.588802 256.000000 0.373358 0.000623 -0.001744
0.000000 788.868713 3344.825684 0.618323 31.000000 175.000000 207.000000 0.316734 0.568709 0.770406 0.622229 176.000000 0.453671 0.001401 -0.004631
0.000000 769.804016 3272.735596 0.619148 15.000000 143.000000 207.000000 0.282969 0.401958 0.744246 0.638786 192.000000 0.461276 0.002674 -0.001648
0.000000 794.999817 3226.999512 0.604674 15.000000 95.000000 239.000000 0.263731 0.373804 0.785683 0.666222 224.000000 0.521953 0.005148 -0.000830
0.000000 780.882812 3129.244385 0.600584 15.000000 95.000000 239.000000 0.231398 0.410359 0.848404 0.644424 224.000000 0.617006 0.005476 -0.001417
0.000000 886.333557 2860.241699 0.526857 15.000000 95.000000 239.000000 0.244103 0.360786 0.830113 0.580721 224.000000 0.586009 0.005867 -0.001732
0.000000 699.126831 3331.922607 0.653129 143.000000 319.000000 335.000000 0.214612 0.586702 0.783884 0.783884 192.000000 0.569273 0.001120 0.000000
0.000000 733.211121 3433.014648 0.648021 143.000000 319.000000 335.000000 0.213343 0.580267 0.790173 0.790173 192.000000 0.576829 0.001193 0.000000
0.000000 813.824829 3419.168457 0.615485 143.000000 271.000000 351.000000 0.220448 0.558534 0.790219 0.779809 208.000000 0.569770 0.001810 -0.000130
0.000000 799.245972 3272.634277 0.607431 31.000000 271.000000 319.000000 0.223165 0.572816 0.781012 0.777305 288.000000 0.557847 0.000867 -0.000077
0.000000 847.403687 3073.619873 0.567764 31.000000 271.000000 287.000000 0.212513 0.554260 0.772135 0.754721 256.000000 0.559622 0.000908 -0.001088
0.000000 823.057007 2959.858643 0.564856 143.000000 271.000000 319.000000 0.222202 0.552205 0.771177 0.759911 176.000000 0.548975 0.001711 -0.000235
0.000000 845.158142 3152.090576 0.577130 143.000000 271.000000 287.000000 0.265400 0.575236 0.790072 0.748460 144.000000 0.524671 0.001678 -0.002601
0.000000 798.000488 3309.000977 0.611395 143.000000 271.000000 319.000000 0.278987 0.579549 0.779675 0.706093 176.000000 0.500688 0.001563 -0.001533
0.000000 803.903076 3328.901367 0.610965 79.000000 143.000000 207.000000 0.249927 0.544308 0.812671 0.604715 128.000000 0.562744 0.004193 -0.003249
0.000000 860.995361 3078.997070 0.562946 79.000000 143.000000 223.000000 0.242840 0.517851 0.782521 0.564791 144.000000 0.539681 0.004135 -0.002722
0.000000 825.088989 2995.910889 0.568129 15.000000 31.000000 239.000000 0.226941 0.540781 0.786387 0.651389 224.000000 0.559447 0.015350 -0.000649
0.000000 775.097290 3174.863037 0.607542 31.000000 143.000000 271.000000 0.234329 0.752901 0.804598 0.573634 240.000000 0.570269 0.000462 -0.001804
0.000000 839.996826 3276.999512 0.591937 15.000000 143.000000 207.000000 0.233208 0.562367 0.816494 0.623334 192.000000 0.583286 0.001985 -0.003018
0.000000 755.971619 3315.690674 0.628667 15.000000 143.000000 207.000000 0.230387 0.481301 0.810345 0.622536 192.000000 0.579958 0.002571 -0.002935
0.000000 733.961243 3274.283447 0.633774 15.000000 95.000000 239.000000 0.230769 0.429420 0.843193 0.676387 224.000000 0.612424 0.005172 -0.001158
0.000000 732.028137 3265.326172 0.633744 15.000000 95.000000 207.000000 0.233575 0.430625 0.855244 0.654571 192.000000 0.621670 0.005308 -0.001792
0.000000 844.648010 2911.569824 0.550267 15.000000 95.000000 239.000000 0.240703 0.401403 0.852003 0.576577 224.000000 0.611300 0.005633 -0.001913
0.000000 756.225342 3242.126465 0.621731 143.000000 287.000000 319.000000 0.254839 0.569989 0.734424 0.648391 176.000000 0.479585 0.001142 -0.002689
0.000000 779.306824 3306.994141 0.618576 31.000000 287.000000 319.000000 0.257953 0.603742 0.728827 0.591196 288.000000 0.470874 0.000489 -0.004301
0.000000 893.871521 3345.862549 0.578336 79.000000 143.000000 271.000000 0.233568 0.566693 0.830140 0.577657 192.000000 0.596572 0.004116 -0.001973
0.000000 907.316772 3097.204590 0.546854 31.000000 143.000000 271.000000 0.242515 0.799180 0.807098 0.535159 240.000000 0.564583 0.000071 -0.002125
0.000000 879.678955 3052.061035 0.552524 31.000000 143.000000 271.000000 0.243636 0.796575 0.801812 0.532000 240.000000 0.558175 0.000047 -0.002108
0.000000 823.602661 3035.497070 0.573163 31.000000 143.000000 207.000000 0.237329 0.782851 0.802408 0.558244 176.000000 0.565080 0.000175 -0.003815
0.000000 856.026062 3120.480713 0.569458 31.000000 143.000000 207.000000 0.233920 0.658770 0.814531 0.616876 176.000000 0.580611 0.001391 -0.003088
0.000000 835.685303 3191.471191 0.584975 15.000000 143.000000 207.000000 0.231714 0.457702 0.805548 0.624010 192.000000 0.573834 0.002718 -0.002837
0.000000 736.457214 3300.700684 0.635161 15.000000 143.000000 239.000000 0.231591 0.425344 0.790107 0.652231 224.000000 0.558517 0.002850 -0.001436
0.000000 871.987549 2820.946533 0.527753 31.000000 95.000000 239.000000 0.233303 0.479582 0.822936 0.584360 208.000000 0.589632 0.005365 -0.001657
0.000000 860.380188 2774.255615 0.526566 31.000000 95.000000 207.000000 0.227848 0.579487 0.814381 0.596602 176.000000 0.586533 0.003670 -0.001944
0.000000 841.086121 2792.316895 0.537026 31.000000 95.000000 207.000000 0.360509 0.664317 0.768062 0.549289 176.000000 0.407553 0.001621 -0.001953
0.000000 658.435730 2814.047607 0.620770 31.000000 95.000000 223.000000 0.477672 0.618800 0.773340 0.622312 192.000000 0.295667 0.002415 -0.001180
0.000000 718.544373 3298.771973 0.642276 143.000000 287.000000 319.000000 0.244677 0.576034 0.739384 0.729496 176.000000 0.494707 0.001134 -0.000309
0.000000 592.311890 3523.791992 0.712198 31.000000 175.000000 287.000000 0.276384 0.743663 0.832350 0.611087 256.000000 0.555966 0.000616 -0.001976
0.000000 654.036926 3455.723145 0.681715 31.000000 175.000000 271.000000 0.231467 0.767892 0.822847 0.635375 240.000000 0.591380 0.000382 -0.001953
0.000000 866.029724 3199.579590 0.573973 31.000000 143.000000 271.000000 0.234772 0.807179 0.822094 0.567554 240.000000 0.587322 0.000133 -0.001989
0.000000 889.934265 3108.127441 0.554817 15.000000 31.000000 239.000000 0.240953 0.566239 0.808008 0.658380 224.000000 0.567056 0.015111 -0.000719
0.000000 862.858276 2967.600586 0.549475 15.000000 31.000000 239.000000 0.241212 0.538251 0.792145 0.626790 224.000000 0.550933 0.015868 -0.000795
0.000000 855.804016 2817.106201 0.533991 15.000000 31.000000 223.000000 0.240315 0.505048 0.776683 0.655715 208.000000 0.536368 0.016977 -0.000630
0.000000 891.691589 2763.694092 0.512122 31.000000 143.000000 239.000000 0.236512 0.729774 0.775422 0.585563 208.000000 0.538910 0.000408 -0.001978
0.000000 784.758667 2958.676514 0.580728 31.000000 143.000000 207.000000 0.232798 0.564719 0.772573 0.594041 176.000000 0.539775 0.001856 -0.002790
0.000000 889.899170 2882.681885 0.528228 31.000000 143.000000 207.000000 0.233372 0.476252 0.745995 0.518424 176.000000 0.512623 0.002408 -0.003556
0.000000 825.644287 2902.925781 0.557126 31.000000 95.000000 239.000000 0.230044 0.687229 0.807608 0.559121 208.000000 0.577564 0.001881 -0.001726
0.000000 770.934814 2870.375977 0.576562 31.000000 95.000000 207.000000 0.225748 0.743872 0.849413 0.593791 176.000000 0.623664 0.001649 -0.002282
0.000000 840.523682 2793.033691 0.537355 31.000000 95.000000 207.000000 0.347008 0.721087 0.795984 0.546180 176.000000 0.448975 0.001170 -0.002230
0.000000 658.224121 3007.123535 0.640839 15.000000 31.000000 223.000000 0.491162 0.645450 0.756711 0.650208 208.000000 0.265549 0.006954 -0.000555
0.000000 834.048889 3091.666992 0.575084 15.000000 31.000000 239.000000 0.233611 0.569103 0.806587 0.647239 224.000000 0.572975 0.014843 -0.000766
0.000000 877.992981 2961.330811 0.542631 15.000000 31.000000 239.000000 0.241421 0.561576 0.794568 0.631303 224.000000 0.553147 0.014562 -0.000785
0.000000 857.998108 2824.001465 0.533950 15.000000 31.000000 239.000000 0.241703 0.517599 0.773996 0.626291 224.000000 0.532292 0.016025 -0.000710
0.000000 860.516785 2819.561523 0.532338 15.000000 31.000000 223.000000 0.238819 0.526917 0.781688 0.674457 208.000000 0.542869 0.015923 -0.000558
0.000000 753.401550 2953.602051 0.593525 15.000000 31.000000 223.000000 0.238208 0.537751 0.789332 0.663946 208.000000 0.551124 0.015724 -0.000653
0.000000 844.960449 2875.545898 0.545782 31.000000 143.000000 207.000000 0.230680 0.735941 0.763006 0.575995 176.000000 0.532326 0.000242 -0.002922
0.000000 879.471130 2867.015625 0.530509 15.000000 143.000000 271.000000 0.228796 0.482673 0.756978 0.507945 256.000000 0.528181 0.002143 -0.001946
0.000000 880.025208 2834.907715 0.526223 31.000000 95.000000 239.000000 0.228309 0.777224 0.783989 0.549558 208.000000 0.555680 0.000106 -0.001628
0.000000 880.341370 2736.259766 0.513166 31.000000 95.000000 207.000000 0.232966 0.755817 0.858504 0.556452 176.000000 0.625538 0.001604 -0.002697
0.000000 815.360657 2726.997559 0.539651 31.000000 95.000000 239.000000 0.357656 0.747478 0.829215 0.521638 208.000000 0.471559 0.001277 -0.002136
0.000000 635.844543 2894.558105 0.639789 31.000000 95.000000 351.000000 0.524114 0.756407 0.773349 0.629371 320.000000 0.249235 0.000265 -0.000562
0.000000 828.800293 3178.177490 0.586322 15.000000 31.000000 239.000000 0.234783 0.608707 0.817123 0.674399 224.000000 0.582340 0.013026 -0.000686
0.000000 830.399536 3015.872803 0.568206 15.000000 31.000000 239.000000 0.239752 0.568194 0.807662 0.641014 224.000000 0.567910 0.014967 -0.000801
0.000000 795.936035 2881.556152 0.567131 15.000000 31.000000 223.000000 0.239149 0.541644 0.790860 0.626416 208.000000 0.551711 0.015576 -0.000856
0.000000 682.564697 2962.870850 0.625524 15.000000 31.000000 223.000000 0.239321 0.541519 0.788018 0.671104 208.000000 0.548697 0.015406 -0.000609
0.000000 756.198914 3011.302490 0.598567 15.000000 31.000000 223.000000 0.235777 0.552653 0.783415 0.671617 208.000000 0.547638 0.014423 -0.000582
0.000000 810.404663 2932.610107 0.566978 15.000000 31.000000 223.000000 0.234343 0.531742 0.774112 0.657431 208.000000 0.539770 0.015148 -0.000608
0.000000 886.158203 2867.772949 0.527877 15.000000 31.000000 271.000000 0.228255 0.521904 0.772475 0.476610 256.000000 0.544220 0.015661 -0.001233
0.000000 759.219116 3277.900879 0.623881 95.000000 143.000000 239.000000 0.225326 0.716804 0.809285 0.600870 144.000000 0.583959 0.001927 -0.002171
0.000000 708.985413 3291.933105 0.645589 31.000000 95.000000 239.000000 0.232630 0.785842 0.858333 0.617372 208.000000 0.625703 0.001133 -0.001673
0.000000 695.230530 3149.873291 0.638381 31.000000 95.000000 207.000000 0.336018 0.752501 0.832415 0.629704 176.000000 0.496396 0.001249 -0.001810
0.000000 626.802979 2983.641113 0.652783 31.000000 95.000000 207.000000 0.522444 0.745330 0.806636 0.620552 176.000000 0.284192 0.000958 -0.001661
0.000000 782.622131 3002.286621 0.586451 31.000000 143.000000 207.000000 0.235409 0.772845 0.779816 0.592027 176.000000 0.544407 0.000062 -0.002934
0.000000 849.430603 2858.068604 0.541777 15.000000 31.000000 223.000000 0.236923 0.516411 0.779961 0.663866 208.000000 0.543038 0.016472 -0.000605
0.000000 832.490540 2869.833008 0.550287 15.000000 31.000000 223.000000 0.241519 0.543269 0.791678 0.659238 208.000000 0.550159 0.015526 -0.000690
0.000000 779.526062 2995.405762 0.586999 15.000000 31.000000 223.000000 0.239156 0.559530 0.797064 0.677205 208.000000 0.557908 0.014846 -0.000624
0.000000 787.619507 3068.759277 0.591524 15.000000 31.000000 223.000000 0.235362 0.537463 0.793104 0.674469 208.000000 0.557741 0.015978 -0.000618
0.000000 787.619507 3068.759277 0.591524 15.000000 31.000000 223.000000 0.235362 0.537463 0.793104 0.674469 208.000000 0.557741 0.015978 -0.000618
0.000000 891.817078 3041.176025 0.546494 15.000000 31.000000 271.000000 0.227626 0.532979 0.783021 0.526436 256.000000 0.555396 0.015628 -0.001069
0.000000 817.030945 3319.303467 0.604949 15.000000 31.000000 95.000000 0.220611 0.600198 0.826655 0.627606 80.000000 0.606044 0.014154 -0.003110
0.000000 769.553467 3308.954346 0.622630 31.000000 95.000000 239.000000 0.225888 0.817248 0.820398 0.593743 208.000000 0.594511 0.000049 -0.001574
0.000000 752.270569 3317.711182 0.630332 31.000000 95.000000 239.000000 0.226750 0.802510 0.848497 0.587152 208.000000 0.621748 0.000719 -0.001815
0.000000 728.397278 3140.754639 0.623485 31.000000 95.000000 207.000000 0.329879 0.741987 0.824070 0.618874 176.000000 0.494191 0.001283 -0.001832
0.000000 765.307068 3199.654053 0.613965 15.000000 31.000000 223.000000 0.226576 0.580973 0.808558 0.716270 208.000000 0.581982 0.014224 -0.000481
0.000000 814.427307 3009.303467 0.574014 15.000000 31.000000 223.000000 0.236187 0.564546 0.802340 0.685035 208.000000 0.566153 0.014862 -0.000611
0.000000 835.507385 2955.511230 0.559217 15.000000 31.000000 223.000000 0.237439 0.556833 0.797386 0.659235 208.000000 0.559947 0.015035 -0.000720
0.000000 834.827881 2917.559570 0.555042 15.000000 31.000000 223.000000 0.239453 0.542504 0.798958 0.661711 208.000000 0.559505 0.016028 -0.000715
0.000000 874.704590 3077.468262 0.557355 15.000000 31.000000 207.000000 0.239822 0.555105 0.810222 0.612947 192.000000 0.570401 0.015945 -0.001121
0.000000 833.108948 3235.951904 0.590515 15.000000 31.000000 95.000000 0.231131 0.581105 0.814060 0.553912 80.000000 0.582929 0.014560 -0.004065
0.000000 829.602600 3309.109375 0.599101 15.000000 31.000000 271.000000 0.225885 0.602770 0.823839 0.497223 256.000000 0.597954 0.013817 -0.001361
0.000000 731.801575 3467.778809 0.651488 15.000000 31.000000 223.000000 0.220122 0.651363 0.835685 0.689829 208.000000 0.615563 0.011520 -0.000760
0.000000 678.068298 3566.012207 0.680464 31.000000 95.000000 239.000000 0.224159 0.832595 0.840562 0.615218 208.000000 0.616402 0.000124 -0.001565
0.000000 686.233032 3565.063965 0.677165 31.000000 95.000000 207.000000 0.222637 0.833964 0.849414 0.647934 176.000000 0.626777 0.000241 -0.001799
0.000000 755.697510 3145.216797 0.612554 31.000000 95.000000 207.000000 0.303648 0.772320 0.823123 0.613944 176.000000 0.519475 0.000794 -0.001868
0.000000 708.686157 3268.351318 0.643611 15.000000 31.000000 223.000000 0.224788 0.658665 0.833298 0.673957 208.000000 0.608510 0.010915 -0.000830
0.000000 739.745178 3131.398926 0.617816 15.000000 31.000000 223.000000 0.234145 0.641427 0.834520 0.659329 208.000000 0.600375 0.012068 -0.000912
0.000000 765.067871 3031.478271 0.596966 15.000000 31.000000 223.000000 0.234296 0.643172 0.836337 0.653017 208.000000 0.602041 0.012073 -0.000955
0.000000 815.271790 3223.401123 0.596268 15.000000 31.000000 239.000000 0.234736 0.625980 0.827113 0.602278 224.000000 0.592377 0.012571 -0.001081
0.000000 795.299988 3283.705322 0.610052 15.000000 31.000000 95.000000 0.236569 0.618302 0.827971 0.637789 80.000000 0.591402 0.013104 -0.002972
0.000000 771.199280 3368.350342 0.627399 15.000000 31.000000 223.000000 0.226597 0.631185 0.834909 0.676907 208.000000 0.608312 0.012733 -0.000823
0.000000 753.000427 3431.000244 0.640057 15.000000 31.000000 223.000000 0.219917 0.640057 0.836394 0.686884 208.000000 0.616477 0.012271 -0.000779
0.000000 775.000488 3413.000000 0.629895 15.000000 31.000000 223.000000 0.220491 0.629895 0.834923 0.646685 208.000000 0.614432 0.012814 -0.000980
0.000000 792.590576 3445.959229 0.626009 31.000000 95.000000 239.000000 0.218996 0.820417 0.847619 0.583001 208.000000 0.628623 0.000425 -0.001838
0.000000 748.439148 3479.915527 0.645990 31.000000 95.000000 207.000000 0.218567 0.804957 0.851046 0.627715 176.000000 0.632479 0.000720 -0.001994
0.000000 823.601868 3074.790039 0.577466 31.000000 95.000000 239.000000 0.268320 0.742699 0.825630 0.539132 208.000000 0.557310 0.001296 -0.001990
0.000000 771.764343 2986.790527 0.589329 31.000000 95.000000 223.000000 0.458431 0.747790 0.791787 0.623869 192.000000 0.333357 0.000687 -0.001312
0.000000 720.251099 3235.320068 0.635830 15.000000 31.000000 223.000000 0.217591 0.688740 0.845940 0.661546 208.000000 0.628349 0.009825 -0.000960
0.000000 754.999329 3229.999268 0.621079 15.000000 31.000000 223.000000 0.228959 0.686678 0.848401 0.660036 208.000000 0.619442 0.010108 -0.000981
0.000000 810.952332 3277.841064 0.603329 15.000000 31.000000 239.000000 0.230585 0.692743 0.848997 0.603302 224.000000 0.618413 0.009766 -0.001181
0.000000 792.193970 3291.024658 0.611976 15.000000 31.000000 223.000000 0.230271 0.687661 0.847340 0.649150 208.000000 0.617069 0.009980 -0.001032
0.000000 783.416809 3337.250000 0.619762 15.000000 31.000000 223.000000 0.230360 0.673297 0.843631 0.655138 208.000000 0.613271 0.010646 -0.000982
0.000000 778.529114 3400.661865 0.627426 15.000000 31.000000 223.000000 0.224963 0.672710 0.842782 0.653723 208.000000 0.617820 0.010630 -0.000985
0.000000 778.426880 3445.243896 0.631398 15.000000 31.000000 223.000000 0.223180 0.654362 0.841881 0.648503 208.000000 0.618701 0.011720 -0.001007
0.000000 937.002625 3225.002441 0.549735 31.000000 95.000000 239.000000 0.219744 0.800235 0.843998 0.524948 208.000000 0.624253 0.000684 -0.002216
0.000000 905.261414 3312.019287 0.570690 31.000000 95.000000 239.000000 0.217701 0.801781 0.857344 0.537632 208.000000 0.639643 0.000868 -0.002220
0.000000 853.892273 3454.568604 0.603621 31.000000 95.000000 239.000000 0.221651 0.797989 0.860539 0.533600 208.000000 0.638888 0.000977 -0.002270
0.000000 811.431091 3146.229492 0.589944 31.000000 95.000000 239.000000 0.245188 0.744250 0.840904 0.486430 208.000000 0.595716 0.001510 -0.002462
0.000000 764.709045 2957.640869 0.589126 31.000000 95.000000 223.000000 0.356903 0.709185 0.774044 0.599133 192.000000 0.417141 0.001013 -0.001366
0.000000 709.025879 3189.105957 0.636223 15.000000 31.000000 223.000000 0.219064 0.668091 0.836120 0.651904 208.000000 0.617056 0.010502 -0.000959
0.000000 799.432251 3151.653320 0.595335 15.000000 31.000000 239.000000 0.228894 0.678756 0.840098 0.563981 224.000000 0.611204 0.010084 -0.001327
0.000000 807.471069 3096.176270 0.586299 15.000000 31.000000 223.000000 0.229054 0.666422 0.842265 0.597050 208.000000 0.613211 0.010990 -0.001277
0.000000 831.771179 3078.612549 0.574583 15.000000 31.000000 223.000000 0.230540 0.632623 0.836869 0.578482 208.000000 0.606329 0.012765 -0.001346
0.000000 875.812256 3122.039307 0.561859 15.000000 31.000000 223.000000 0.230259 0.612872 0.830300 0.587302 208.000000 0.600041 0.013589 -0.001266
0.000000 875.266907 3219.289307 0.572473 31.000000 95.000000 223.000000 0.224970 0.817130 0.818927 0.580299 192.000000 0.593957 0.000028 -0.001864
0.000000 901.999634 3223.998535 0.562773 31.000000 95.000000 239.000000 0.225787 0.803758 0.830686 0.513548 208.000000 0.604899 0.000421 -0.002202
0.000000 786.000916 3600.998779 0.641668 31.000000 95.000000 239.000000 0.220238 0.804742 0.850254 0.609903 208.000000 0.630016 0.000711 -0.001669
0.000000 750.999939 3618.000000 0.656214 31.000000 95.000000 239.000000 0.219599 0.802595 0.849126 0.633413 208.000000 0.629528 0.000727 -0.001498
0.000000 730.537415 3117.253906 0.620282 31.000000 95.000000 207.000000 0.342145 0.693999 0.776482 0.630522 176.000000 0.434337 0.001289 -0.001303
0.000000 701.061768 3003.145264 0.621478 31.000000 95.000000 207.000000 0.428928 0.663347 0.776518 0.606665 176.000000 0.347590 0.001768 -0.001517
0.000000 787.000000 3086.000000 0.593597 15.000000 31.000000 223.000000 0.228251 0.637732 0.827166 0.593597 208.000000 0.598915 0.011840 -0.001217
0.000000 792.999695 3059.002686 0.588266 15.000000 31.000000 223.000000 0.229363 0.626885 0.825672 0.588266 208.000000 0.596309 0.012424 -0.001236
0.000000 821.133850 3075.042725 0.578492 15.000000 31.000000 223.000000 0.223944 0.608639 0.826162 0.582292 208.000000 0.602218 0.013595 -0.001270
0.000000 807.500854 3123.943115 0.589209 31.000000 95.000000 223.000000 0.227356 0.818061 0.827823 0.590018 192.000000 0.600467 0.000153 -0.001858
0.000000 803.000671 3440.997559 0.621583 31.000000 95.000000 223.000000 0.221849 0.812230 0.840083 0.621583 192.000000 0.618234 0.000435 -0.001707
0.000000 748.860474 3153.961182 0.616247 31.000000 95.000000 271.000000 0.337768 0.680917 0.771934 0.501885 240.000000 0.434167 0.001422 -0.001534
0.000000 704.007751 2981.992676 0.618010 31.000000 95.000000 207.000000 0.426938 0.675921 0.766136 0.599221 176.000000 0.339198 0.001410 -0.001490
0.000000 817.630005 2761.973877 0.543173 31.000000 95.000000 207.000000 0.392365 0.537999 0.763400 0.540421 176.000000 0.371035 0.003522 -0.001991
0.000000 730.221008 3126.253662 0.621301 31.000000 95.000000 207.000000 0.296411 0.709058 0.781549 0.622240 176.000000 0.485137 0.001133 -0.001422
0.000000 709.998352 2922.010254 0.609033 31.000000 95.000000 207.000000 0.428295 0.699360 0.772678 0.598977 176.000000 0.344384 0.001146 -0.001551
0.000000 775.034973 2639.473633 0.546034 31.000000 95.000000 207.000000 0.404218 0.523437 0.754450 0.554174 176.000000 0.350232 0.003610 -0.001788
0.000000 751.398743 3136.243408 0.613442 31.000000 95.000000 207.000000 0.280831 0.708744 0.786816 0.632050 176.000000 0.505985 0.001220 -0.001382
0.000000 789.975708 2915.262451 0.573590 31.000000 95.000000 223.000000 0.409959 0.687500 0.726698 0.561163 192.000000 0.316739 0.000612 -0.001293
0.000000 780.254883 2785.198730 0.562325 31.000000 95.000000 207.000000 0.436898 0.581026 0.752252 0.570657 176.000000 0.315354 0.002675 -0.001621
0.000000 767.716064 2572.805420 0.540361 31.000000 95.000000 223.000000 0.431710 0.503956 0.741190 0.559868 192.000000 0.309481 0.003707 -0.001417
0.000000 745.826904 3191.011230 0.621104 31.000000 95.000000 207.000000 0.277108 0.709546 0.786091 0.644087 176.000000 0.508983 0.001196 -0.001268
0.000000 739.209412 2904.278809 0.594230 31.000000 95.000000 207.000000 0.382959 0.678488 0.723548 0.585644 176.000000 0.340589 0.000704 -0.001231
0.000000 943.059143 2775.560059 0.492791 15.000000 31.000000 207.000000 0.298266 0.498949 0.691892 0.532473 192.000000 0.393626 0.012059 -0.000906
0.000000 991.034668 2573.319336 0.443919 31.000000 95.000000 223.000000 0.315280 0.661530 0.671742 0.437282 192.000000 0.356461 0.000160 -0.001832
1.000000 2124.596680 3125.369141 0.190625 4.000000 11.000000 212.000000 0.137134 0.198267 0.368183 0.180699 208.000000 0.231049 0.024274 -0.000933
1.000000 2200.325195 3245.785645 0.191965 11.000000 27.000000 180.000000 0.131519 0.340266 0.354573 0.182243 169.000000 0.223055 0.000894 -0.001126
1.000000 2085.590576 3083.509521 0.193055 4.000000 11.000000 212.000000 0.140219 0.192938 0.329717 0.184451 208.000000 0.189498 0.019540 -0.000723
1.000000 2246.671631 3257.364014 0.183628 11.000000 27.000000 212.000000 0.131650 0.325745 0.346847 0.177786 201.000000 0.215197 0.001319 -0.000914
1.000000 2101.884033 3122.137695 0.195300 4.000000 11.000000 84.000000 0.138184 0.198327 0.350183 0.187367 80.000000 0.212000 0.021694 -0.002230
1.000000 2200.209229 3236.768799 0.190650 4.000000 11.000000 180.000000 0.139039 0.196339 0.364982 0.175808 176.000000 0.225943 0.024092 -0.001119
1.000000 2178.548584 3143.889160 0.181372 4.000000 11.000000 228.000000 0.116571 0.187105 0.334303 0.163623 224.000000 0.217733 0.021028 -0.000787
1.000000 1960.734985 3033.928223 0.214868 4.000000 11.000000 116.000000 0.149173 0.220785 0.380000 0.213182 112.000000 0.230827 0.022745 -0.001589
1.000000 2153.000000 3223.999512 0.199182 4.000000 11.000000 84.000000 0.135564 0.202426 0.395490 0.189584 80.000000 0.259926 0.027581 -0.002821
1.000000 2310.262695 3238.040771 0.167218 11.000000 27.000000 132.000000 0.124117 0.302912 0.329519 0.164689 121.000000 0.205402 0.001663 -0.001570
1.000000 2012.000000 3015.999268 0.199682 11.000000 27.000000 228.000000 0.138707 0.338856 0.356444 0.184108 217.000000 0.217737 0.001099 -0.000857
1.000000 2359.174805 3274.899658 0.162533 4.000000 11.000000 212.000000 0.124256 0.173206 0.320657 0.153258 208.000000 0.196400 0.021064 -0.000833
1.000000 2143.348633 3256.313721 0.206118 4.000000 11.000000 84.000000 0.134478 0.209727 0.415413 0.194840 80.000000 0.280936 0.029384 -0.003022
1.000000 2374.999756 3355.999756 0.171174 11.000000 27.000000 180.000000 0.127525 0.320938 0.323841 0.154029 169.000000 0.196315 0.000181 -0.001110
1.000000 1899.454712 2912.270508 0.210489 4.000000 11.000000 228.000000 0.134004 0.201590 0.330483 0.181489 224.000000 0.196478 0.018413 -0.000687
1.000000 2344.320557 3270.795654 0.164997 4.000000 11.000000 228.000000 0.116930 0.171150 0.286468 0.153047 224.000000 0.169538 0.016474 -0.000615
1.000000 2234.446777 3269.261963 0.188021 4.000000 11.000000 84.000000 0.130244 0.186142 0.340338 0.178176 80.000000 0.210095 0.022028 -0.002221
1.000000 2143.154785 3195.166016 0.197068 4.000000 11.000000 212.000000 0.134749 0.199825 0.366159 0.186662 208.000000 0.231410 0.023762 -0.000893
1.000000 2246.164062 3257.690918 0.183785 4.000000 11.000000 84.000000 0.130023 0.185283 0.344547 0.176672 80.000000 0.214524 0.022752 -0.002300
1.000000 2312.670166 3245.564209 0.167840 4.000000 11.000000 212.000000 0.123325 0.173463 0.301319 0.156023 208.000000 0.177994 0.018265 -0.000723
1.000000 2155.916260 3145.821289 0.186713 4.000000 11.000000 212.000000 0.136221 0.189709 0.367782 0.176517 208.000000 0.231561 0.025439 -0.000952
1.000000 2321.205078 3348.381836 0.181173 4.000000 11.000000 116.000000 0.131169 0.185668 0.343092 0.177282 112.000000 0.211923 0.022489 -0.001579
1.000000 2114.030518 3080.428223 0.186044 4.000000 11.000000 180.000000 0.132894 0.183954 0.332170 0.160340 176.000000 0.199276 0.021174 -0.001017
1.000000 2018.319946 2968.882568 0.190600 4.000000 11.000000 228.000000 0.128795 0.192032 0.327900 0.185400 224.000000 0.199105 0.019410 -0.000657
1.000000 2404.524658 3388.792236 0.169897 11.000000 27.000000 180.000000 0.127981 0.297137 0.320276 0.150731 169.000000 0.192296 0.001446 -0.001108
1.000000 1964.000366 2997.999023 0.208383 11.000000 27.000000 212.000000 0.140048 0.266942 0.321212 0.207987 201.000000 0.181164 0.003392 -0.000612
1.000000 2048.854248 3120.546631 0.207315 11.000000 27.000000 228.000000 0.138910 0.371530 0.403250 0.200758 217.000000 0.264340 0.001982 -0.001007
1.000000 1916.664062 3120.169678 0.238941 11.000000 27.000000 148.000000 0.143303 0.373266 0.432789 0.231217 137.000000 0.289486 0.003720 -0.001666
1.000000 2126.062012 3322.608643 0.219603 11.000000 27.000000 132.000000 0.143335 0.346389 0.381557 0.210919 121.000000 0.238222 0.002198 -0.001625
1.000000 2033.905518 3091.153809 0.206290 11.000000 27.000000 68.000000 0.135112 0.290516 0.336800 0.200305 57.000000 0.201688 0.002893 -0.003329
1.000000 2134.936523 3233.305908 0.204605 11.000000 27.000000 132.000000 0.140614 0.358927 0.422733 0.197113 121.000000 0.282119 0.003988 -0.002149
1.000000 2136.064941 3284.454102 0.211860 11.000000 27.000000 84.000000 0.142946 0.408922 0.439727 0.209850 73.000000 0.296781 0.001925 -0.004033
1.000000 2228.522461 3374.302002 0.204500 11.000000 27.000000 132.000000 0.143151 0.378496 0.423798 0.201118 121.000000 0.280647 0.002831 -0.002121
1.000000 2092.300293 3254.843018 0.217414 11.000000 27.000000 180.000000 0.147536 0.327586 0.365361 0.207101 169.000000 0.217824 0.002361 -0.001034
1.000000 2164.829346 3328.930664 0.211895 11.000000 27.000000 132.000000 0.135960 0.352871 0.359521 0.203106 121.000000 0.223562 0.000416 -0.001490
1.000000 2293.456543 3424.527100 0.197809 4.000000 27.000000 84.000000 0.139354 0.189961 0.349922 0.184036 80.000000 0.210568 0.006955 -0.002910
1.000000 1980.632446 3122.002441 0.223682 4.000000 27.000000 132.000000 0.148727 0.212211 0.347725 0.219541 128.000000 0.198998 0.005892 -0.001221
1.000000 2162.000244 3306.998779 0.209362 4.000000 27.000000 132.000000 0.143248 0.202174 0.344738 0.204666 128.000000 0.201491 0.006198 -0.001334
1.000000 1170.694458 1855.589844 0.226316 27.000000 59.000000 203.000000 0.156332 0.529228 0.804196 0.222222 176.000000 0.647863 0.008593 -0.004041
1.000000 1165.555786 1828.542969 0.221431 27.000000 59.000000 203.000000 0.159777 0.517029 0.803044 0.224409 176.000000 0.643268 0.008938 -0.004018
1.000000 1166.409424 1815.501343 0.217677 27.000000 59.000000 219.000000 0.156586 0.468960 0.768206 0.214123 192.000000 0.611620 0.009351 -0.003463
1.000000 1181.540161 1840.345581 0.218011 27.000000 59.000000 203.000000 0.154232 0.482852 0.786112 0.214895 176.000000 0.631879 0.009477 -0.003967
1.000000 1166.367432 1807.280762 0.215531 27.000000 59.000000 219.000000 0.159420 0.490618 0.776692 0.217228 192.000000 0.617272 0.008940 -0.003497
1.000000 1145.330933 1790.535522 0.219766 27.000000 59.000000 219.000000 0.163077 0.481006 0.751189 0.221593 192.000000 0.588112 0.008443 -0.003310
1.000000 1146.446167 1789.325806 0.218981 27.000000 59.000000 219.000000 0.158677 0.479277 0.737058 0.223970 192.000000 0.578381 0.008056 -0.003207
1.000000 1224.291260 1929.593994 0.223630 27.000000 59.000000 203.000000 0.159864 0.462219 0.767935 0.220524 176.000000 0.608071 0.009554 -0.003801
1.000000 1175.177124 1843.879395 0.221494 27.000000 59.000000 203.000000 0.150950 0.452126 0.739355 0.216549 176.000000 0.588405 0.008976 -0.003631
1.000000 1127.954956 1785.668335 0.225737 27.000000 59.000000 203.000000 0.168238 0.356805 0.679201 0.222892 176.000000 0.510963 0.010075 -0.003169
1.000000 1144.531738 1831.881592 0.230932 11.000000 43.000000 203.000000 0.161879 0.306319 0.694728 0.230352 192.000000 0.532848 0.012138 -0.002902
1.000000 1128.884888 1813.056152 0.232558 27.000000 43.000000 203.000000 0.167047 0.463280 0.746813 0.237184 176.000000 0.579767 0.017721 -0.003185
1.000000 1179.296021 1867.875732 0.225973 27.000000 59.000000 219.000000 0.162136 0.502878 0.799764 0.226842 192.000000 0.637628 0.009278 -0.003581
1.000000 1186.418945 1865.427979 0.222491 27.000000 59.000000 219.000000 0.158377 0.363904 0.696940 0.218887 192.000000 0.538563 0.010407 -0.002988
1.000000 1121.588745 1775.813477 0.225797 27.000000 59.000000 219.000000 0.167989 0.448295 0.741301 0.225782 192.000000 0.573312 0.009156 -0.003222
1.000000 1137.701904 1826.850342 0.232463 27.000000 59.000000 219.000000 0.159987 0.540122 0.781011 0.234717 192.000000 0.621024 0.007528 -0.003414
1.000000 1192.779907 1887.610962 0.225566 27.000000 59.000000 219.000000 0.166776 0.516300 0.785731 0.223703 192.000000 0.618955 0.008420 -0.003513
1.000000 1190.933105 1907.136719 0.231177 27.000000 59.000000 219.000000 0.162252 0.511602 0.764445 0.226714 192.000000 0.602193 0.007901 -0.003361
1.000000 1162.727905 1856.291260 0.229731 27.000000 59.000000 219.000000 0.168124 0.434674 0.761400 0.231699 192.000000 0.593276 0.010210 -0.003311
1.000000 1134.330322 1784.684937 0.222799 27.000000 59.000000 219.000000 0.168493 0.433846 0.725971 0.224443 192.000000 0.557478 0.009129 -0.003135
1.000000 1138.597778 1807.375000 0.227014 27.000000 59.000000 219.000000 0.160536 0.496415 0.754785 0.221851 192.000000 0.594249 0.008074 -0.003331
1.000000 1129.050537 1789.539673 0.226304 27.000000 59.000000 219.000000 0.164478 0.463224 0.756296 0.227136 192.000000 0.591818 0.009158 -0.003307
1.000000 1087.697144 1743.020264 0.231504 27.000000 59.000000 219.000000 0.168324 0.479836 0.745464 0.236883 192.000000 0.577140 0.008301 -0.003179
1.000000 1100.706787 1774.562012 0.234363 27.000000 59.000000 219.000000 0.163940 0.453184 0.752640 0.233295 192.000000 0.588699 0.009358 -0.003246
1.000000 1164.501831 1871.869141 0.232965 27.000000 59.000000 219.000000 0.165401 0.458663 0.777618 0.226511 192.000000 0.612217 0.009967 -0.003444
1.000000 1170.567139 1839.099854 0.222128 27.000000 59.000000 203.000000 0.153769 0.441646 0.725558 0.221930 176.000000 0.571789 0.008872 -0.003497
1.000000 1152.972900 1819.758057 0.224301 27.000000 59.000000 219.000000 0.164388 0.401584 0.689907 0.226322 192.000000 0.525519 0.009010 -0.002897
1.000000 1131.761475 1784.595093 0.223852 27.000000 59.000000 219.000000 0.161644 0.381057 0.684637 0.231065 192.000000 0.522993 0.009487 -0.002835
1.000000 1167.688965 1853.531982 0.227009 27.000000 59.000000 219.000000 0.159564 0.506764 0.768442 0.226697 192.000000 0.608878 0.008177 -0.003386
1.000000 1186.166748 1875.948608 0.225263 27.000000 59.000000 219.000000 0.163566 0.460017 0.764440 0.225429 192.000000 0.600874 0.009513 -0.003369
1.000000 1093.564697 1750.652344 0.231026 27.000000 59.000000 219.000000 0.158256 0.390999 0.708229 0.229751 192.000000 0.549973 0.009913 -0.002990
1.000000 1075.944214 1716.837158 0.229482 27.000000 59.000000 219.000000 0.164126 0.409795 0.707984 0.229372 192.000000 0.543858 0.009318 -0.002991
1.000000 1069.388428 1687.872070 0.224311 27.000000 59.000000 219.000000 0.167795 0.450801 0.730362 0.223166 192.000000 0.562567 0.008736 -0.003170
1.000000 1044.662354 1661.400146 0.227910 27.000000 59.000000 203.000000 0.163609 0.500478 0.740334 0.226656 176.000000 0.576725 0.007496 -0.003567
1.000000 1011.841492 1656.818604 0.241686 27.000000 59.000000 219.000000 0.176773 0.452321 0.704777 0.249180 192.000000 0.528004 0.007889 -0.002847
1.000000 1003.617432 1617.751953 0.234280 27.000000 59.000000 219.000000 0.174263 0.413058 0.694368 0.239601 192.000000 0.520106 0.008791 -0.002842
1.000000 1027.626343 1632.267700 0.227318 27.000000 59.000000 203.000000 0.164168 0.458005 0.732684 0.227822 176.000000 0.568516 0.008584 -0.003506
1.000000 1158.881714 1813.324585 0.220188 27.000000 59.000000 219.000000 0.158281 0.333333 0.649726 0.215326 192.000000 0.491445 0.009887 -0.002715
1.000000 1175.580078 1821.307007 0.215466 11.000000 43.000000 203.000000 0.155206 0.286984 0.630345 0.224646 192.000000 0.475139 0.010730 -0.002536
1.000000 1148.736084 1786.954712 0.217400 11.000000 43.000000 203.000000 0.157322 0.298274 0.717703 0.228628 192.000000 0.560381 0.013107 -0.003057
1.000000 1158.244873 1809.253906 0.219380 27.000000 59.000000 219.000000 0.158816 0.471634 0.747310 0.218278 192.000000 0.588495 0.008615 -0.003306
1.000000 1196.898193 1890.617920 0.224685 27.000000 59.000000 219.000000 0.162127 0.448162 0.770508 0.221622 192.000000 0.608381 0.010073 -0.003431
1.000000 1155.648438 1875.910645 0.237588 27.000000 59.000000 203.000000 0.160242 0.394490 0.716981 0.232077 176.000000 0.556739 0.010078 -0.003367
1.000000 1064.062378 1720.909058 0.235854 27.000000 59.000000 203.000000 0.171133 0.410274 0.689705 0.245177 176.000000 0.518573 0.008732 -0.003087
1.000000 1053.472168 1680.883423 0.229455 27.000000 59.000000 203.000000 0.161029 0.439709 0.703875 0.227235 176.000000 0.542846 0.008255 -0.003310
1.000000 1052.348145 1651.543213 0.221605 27.000000 59.000000 219.000000 0.167223 0.412673 0.714364 0.225622 192.000000 0.547142 0.009428 -0.003055
1.000000 1046.101807 1674.088867 0.230861 27.000000 59.000000 219.000000 0.170984 0.414386 0.707264 0.236800 192.000000 0.536280 0.009152 -0.002940
1.000000 1050.402832 1694.435669 0.234634 27.000000 59.000000 219.000000 0.164135 0.430784 0.722804 0.233674 192.000000 0.558669 0.009126 -0.003057
1.000000 1065.066162 1678.677612 0.223640 27.000000 59.000000 203.000000 0.166790 0.438714 0.729759 0.227892 176.000000 0.562969 0.009095 -0.003485
1.000000 1041.350830 1630.926147 0.220627 27.000000 59.000000 203.000000 0.160000 0.422328 0.720213 0.222894 176.000000 0.560213 0.009309 -0.003454
1.000000 1082.174927 1754.419556 0.236990 27.000000 59.000000 219.000000 0.171240 0.319100 0.625373 0.235063 192.000000 0.454133 0.009571 -0.002439
1.000000 1194.264893 1888.979126 0.225319 27.000000 59.000000 203.000000 0.154071 0.315015 0.665391 0.221885 176.000000 0.511321 0.010949 -0.003080
1.000000 1182.589844 1861.096313 0.222923 27.000000 59.000000 219.000000 0.159790 0.415810 0.724761 0.214625 192.000000 0.564971 0.009655 -0.003188
1.000000 1168.190308 1847.841187 0.225346 27.000000 59.000000 203.000000 0.154902 0.423317 0.722856 0.219097 176.000000 0.567954 0.009361 -0.003498
1.000000 1172.274902 1860.905884 0.227033 27.000000 59.000000 219.000000 0.162417 0.456528 0.737510 0.217814 192.000000 0.575093 0.008781 -0.003248
1.000000 1185.684937 1901.412842 0.231845 27.000000 59.000000 203.000000 0.155189 0.435366 0.741684 0.215917 176.000000 0.586495 0.009572 -0.003651
1.000000 1151.154541 1808.306885 0.222051 27.000000 59.000000 219.000000 0.159919 0.383743 0.706915 0.216722 192.000000 0.546996 0.010099 -0.003064
1.000000 1075.085327 1700.560059 0.225344 27.000000 59.000000 219.000000 0.165289 0.426235 0.694779 0.218153 192.000000 0.529490 0.008392 -0.002979
1.000000 1061.050659 1675.811646 0.224623 27.000000 59.000000 219.000000 0.163821 0.400259 0.693590 0.221196 192.000000 0.529769 0.009167 -0.002952
1.000000 1026.040771 1651.304077 0.233539 27.000000 59.000000 219.000000 0.167720 0.403464 0.710783 0.234201 192.000000 0.543063 0.009604 -0.002979
1.000000 1063.206177 1684.899414 0.226226 27.000000 59.000000 219.000000 0.170559 0.456823 0.723787 0.225832 192.000000 0.553227 0.008343 -0.003112
1.000000 1133.711670 1788.614746 0.224103 27.000000 59.000000 203.000000 0.154803 0.433545 0.719373 0.218305 176.000000 0.564570 0.008932 -0.003480
1.000000 1073.952393 1704.165405 0.226849 27.000000 59.000000 219.000000 0.160689 0.407433 0.706513 0.218126 192.000000 0.545824 0.009346 -0.003052
1.000000 1094.249878 1777.313354 0.237872 27.000000 59.000000 219.000000 0.179710 0.432345 0.703763 0.243159 192.000000 0.524052 0.008482 -0.002879
1.000000 1129.798096 1798.728149 0.228419 27.000000 59.000000 219.000000 0.161487 0.406108 0.703146 0.226322 192.000000 0.541659 0.009282 -0.002980
1.000000 1172.419067 1881.186157 0.232108 27.000000 59.000000 219.000000 0.154719 0.432129 0.730193 0.224898 192.000000 0.575473 0.009314 -0.003158
1.000000 1239.265503 1959.120850 0.225068 27.000000 59.000000 219.000000 0.157697 0.433985 0.741266 0.214335 192.000000 0.583569 0.009603 -0.003293
1.000000 1243.049805 1930.081299 0.216515 27.000000 59.000000 219.000000 0.154903 0.371447 0.710099 0.202840 192.000000 0.555196 0.010583 -0.003170
1.000000 1109.630127 1756.024292 0.225566 27.000000 59.000000 219.000000 0.162050 0.463844 0.722386 0.224270 192.000000 0.560336 0.008079 -0.003113
1.000000 1109.055420 1768.258057 0.229104 27.000000 59.000000 203.000000 0.162376 0.425407 0.719535 0.226162 176.000000 0.557160 0.009192 -0.003426
1.000000 1143.737549 1786.547363 0.219368 27.000000 59.000000 219.000000 0.161575 0.375082 0.711795 0.215715 192.000000 0.550220 0.010522 -0.003100
1.000000 1105.771851 1725.750000 0.218956 27.000000 59.000000 219.000000 0.161885 0.384919 0.699943 0.218126 192.000000 0.538059 0.009844 -0.003011
1.000000 1170.119995 1859.607056 0.227574 27.000000 59.000000 203.000000 0.147624 0.475083 0.753729 0.225733 176.000000 0.606106 0.008708 -0.003667
1.000000 1124.106079 1837.069824 0.240770 27.000000 59.000000 203.000000 0.171237 0.308484 0.675277 0.247434 176.000000 0.504039 0.011462 -0.002971
1.000000 1157.343750 1847.886963 0.229780 27.000000 59.000000 203.000000 0.151089 0.410745 0.737899 0.223834 176.000000 0.586810 0.010224 -0.003570
1.000000 1170.654297 1864.509033 0.228605 27.000000 59.000000 219.000000 0.162529 0.500149 0.752473 0.223165 192.000000 0.589944 0.007885 -0.003308
1.000000 1194.788208 1887.076050 0.224633 27.000000 59.000000 203.000000 0.157761 0.430361 0.750825 0.224000 176.000000 0.593064 0.010014 -0.003659
1.000000 1127.479004 1779.429321 0.224276 27.000000 59.000000 219.000000 0.160943 0.383402 0.717107 0.221840 192.000000 0.556164 0.010428 -0.003095
1.000000 1094.948853 1731.507080 0.225214 27.000000 59.000000 203.000000 0.157605 0.422617 0.709924 0.223426 176.000000 0.552319 0.008978 -0.003378
1.000000 1119.133545 1747.345581 0.219158 27.000000 59.000000 219.000000 0.158974 0.438210 0.733017 0.218132 192.000000 0.574043 0.009213 -0.003218
1.000000 1098.553955 1754.600098 0.229937 27.000000 59.000000 203.000000 0.164820 0.431081 0.722969 0.234124 176.000000 0.558149 0.009122 -0.003395
1.000000 1147.751709 1838.528198 0.231317 27.000000 59.000000 219.000000 0.157546 0.424825 0.726827 0.234904 192.000000 0.569281 0.009438 -0.003075
1.000000 1182.937012 1853.021851 0.220716 11.000000 59.000000 219.000000 0.167489 0.277788 0.641422 0.234568 208.000000 0.473933 0.007576 -0.002543
1.000000 1229.392822 2011.659424 0.241362 27.000000 59.000000 219.000000 0.146485 0.449234 0.760339 0.228592 192.000000 0.613854 0.009722 -0.003323
1.000000 1192.309326 1894.243652 0.227417 27.000000 59.000000 219.000000 0.167746 0.414845 0.755215 0.223859 192.000000 0.587469 0.010637 -0.003321
1.000000 1192.309326 1894.243652 0.227417 27.000000 59.000000 219.000000 0.167746 0.414845 0.755215 0.223859 192.000000 0.587469 0.010637 -0.003321
1.000000 1167.342041 1859.165649 0.228588 27.000000 59.000000 219.000000 0.153338 0.435523 0.747817 0.220240 192.000000 0.594479 0.009759 -0.003297
1.000000 1128.934204 1762.446533 0.219104 27.000000 59.000000 219.000000 0.157070 0.406924 0.714750 0.214008 192.000000 0.557680 0.009620 -0.003130
1.000000 1117.517578 1736.286011 0.216822 27.000000 59.000000 219.000000 0.157113 0.386684 0.716935 0.208431 192.000000 0.559822 0.010320 -0.003178
1.000000 1271.405273 1952.482666 0.211260 27.000000 59.000000 219.000000 0.148923 0.428913 0.740516 0.205678 192.000000 0.591593 0.009738 -0.003343
1.000000 1162.699829 1835.316284 0.224354 27.000000 59.000000 219.000000 0.157895 0.409333 0.687825 0.222939 192.000000 0.529930 0.008703 -0.002906
1.000000 1263.423584 1974.719238 0.219662 27.000000 59.000000 219.000000 0.155295 0.351351 0.710417 0.206745 192.000000 0.555122 0.011221 -0.003148
1.000000 1173.555420 1830.812134 0.218767 27.000000 59.000000 219.000000 0.149853 0.376941 0.695983 0.215328 192.000000 0.546130 0.009970 -0.003004
1.000000 1124.212036 1742.758667 0.215749 27.000000 59.000000 219.000000 0.155047 0.402013 0.700692 0.214866 192.000000 0.545645 0.009334 -0.003036
1.000000 1119.376831 1730.719727 0.214499 27.000000 59.000000 219.000000 0.155556 0.371667 0.705673 0.212050 192.000000 0.550117 0.010438 -0.003085
1.000000 1117.608887 1728.927490 0.214759 27.000000 59.000000 219.000000 0.157444 0.366395 0.706447 0.209176 192.000000 0.549003 0.010627 -0.003108
1.000000 1090.030762 1689.986084 0.215810 27.000000 59.000000 203.000000 0.158865 0.378129 0.713573 0.218051 176.000000 0.554708 0.010483 -0.003441
1.000000 1103.827393 1700.371338 0.212732 27.000000 59.000000 219.000000 0.159286 0.376459 0.716584 0.206178 192.000000 0.557298 0.010629 -0.003190
1.000000 1121.677368 1740.722534 0.216268 27.000000 59.000000 219.000000 0.153661 0.308044 0.671498 0.212236 192.000000 0.517837 0.011358 -0.002870
1.000000 1255.295410 1935.951538 0.213288 27.000000 59.000000 203.000000 0.145963 0.317614 0.706363 0.211789 176.000000 0.560400 0.012148 -0.003435
1.000000 1122.473999 1769.066895 0.223615 27.000000 59.000000 219.000000 0.164661 0.391204 0.690482 0.232408 192.000000 0.525821 0.009352 -0.002863
1.000000 1105.195679 1722.804810 0.218391 27.000000 59.000000 219.000000 0.166080 0.444028 0.722577 0.218057 192.000000 0.556497 0.008705 -0.003153
1.000000 1133.520386 1771.798096 0.219693 27.000000 59.000000 219.000000 0.151494 0.361895 0.681469 0.217063 192.000000 0.529975 0.009987 -0.002903
1.000000 1081.502563 1693.060303 0.220416 27.000000 59.000000 219.000000 0.164988 0.397614 0.702659 0.219685 192.000000 0.537670 0.009533 -0.003019
1.000000 1125.743896 1747.377808 0.216362 27.000000 59.000000 219.000000 0.150976 0.346658 0.704171 0.210027 192.000000 0.553196 0.011172 -0.003088
1.000000 1166.064575 1778.957031 0.208111 27.000000 59.000000 219.000000 0.149517 0.344729 0.712533 0.199850 192.000000 0.563016 0.011494 -0.003204
1.000000 1163.227295 1773.361572 0.207770 27.000000 59.000000 219.000000 0.151314 0.366117 0.728895 0.208607 192.000000 0.577581 0.011337 -0.003252
1.000000 1149.861816 1747.506592 0.206272 27.000000 59.000000 219.000000 0.154511 0.316116 0.714365 0.204301 192.000000 0.559854 0.012445 -0.003188
1.000000 1138.257812 1726.928223 0.205456 11.000000 59.000000 219.000000 0.153103 0.276339 0.678812 0.212008 208.000000 0.525708 0.008385 -0.002918
1.000000 1165.590210 1807.211792 0.215831 27.000000 59.000000 219.000000 0.158463 0.413238 0.690054 0.217742 192.000000 0.531591 0.008651 -0.002952
1.000000 1096.133057 1705.070190 0.217384 27.000000 59.000000 203.000000 0.160771 0.386080 0.680339 0.219738 176.000000 0.519569 0.009196 -0.003199
1.000000 1108.562622 1725.155518 0.217591 27.000000 59.000000 219.000000 0.160252 0.413205 0.700356 0.215112 192.000000 0.540104 0.008973 -0.003033
1.000000 1174.542236 1817.150024 0.214797 27.000000 59.000000 203.000000 0.154271 0.305185 0.730954 0.212843 176.000000 0.576683 0.013305 -0.003598
1.000000 1157.616699 1789.548706 0.214420 27.000000 59.000000 219.000000 0.156458 0.281672 0.692909 0.208840 192.000000 0.536451 0.012851 -0.003025
1.000000 1178.215454 1770.538086 0.200872 11.000000 59.000000 219.000000 0.153615 0.275089 0.693099 0.210256 208.000000 0.539483 0.008709 -0.003018
1.000000 1243.330811 1901.011475 0.209163 27.000000 59.000000 219.000000 0.148662 0.476854 0.755233 0.205781 192.000000 0.606571 0.008699 -0.003434
1.000000 1211.453125 1880.494507 0.216382 27.000000 59.000000 219.000000 0.156849 0.421893 0.737721 0.215994 192.000000 0.580872 0.009870 -0.003261
1.000000 1107.739624 1733.954102 0.220367 27.000000 59.000000 219.000000 0.155880 0.413965 0.687708 0.218373 192.000000 0.531827 0.008554 -0.002933
1.000000 1133.016968 1764.715698 0.217998 27.000000 59.000000 219.000000 0.153988 0.342448 0.672326 0.214932 192.000000 0.518338 0.010309 -0.002859
1.000000 1225.417847 1914.370239 0.219426 27.000000 59.000000 203.000000 0.153374 0.469037 0.739087 0.218585 176.000000 0.585713 0.008439 -0.003615
1.000000 1119.016846 1730.598022 0.214619 27.000000 59.000000 219.000000 0.164803 0.479053 0.723495 0.216615 192.000000 0.558691 0.007639 -0.003168
1.000000 1093.302490 1703.860596 0.218278 27.000000 59.000000 203.000000 0.152566 0.423462 0.704819 0.220071 176.000000 0.552253 0.008792 -0.003366
1.000000 1081.534546 1693.292603 0.220467 27.000000 59.000000 219.000000 0.160289 0.404269 0.690570 0.215624 192.000000 0.530282 0.008947 -0.002968
1.000000 1102.962158 1726.243042 0.220302 27.000000 59.000000 203.000000 0.156973 0.346351 0.680133 0.221012 176.000000 0.523160 0.010431 -0.003188
1.000000 1159.749023 1809.464111 0.218817 27.000000 59.000000 219.000000 0.160419 0.517735 0.736172 0.220180 192.000000 0.575754 0.006826 -0.003225
1.000000 1062.101685 1678.898926 0.225026 27.000000 59.000000 203.000000 0.172009 0.519155 0.718234 0.235598 176.000000 0.546224 0.006221 -0.003352
1.000000 1091.964966 1696.548950 0.216812 27.000000 59.000000 219.000000 0.162824 0.468105 0.700277 0.218274 192.000000 0.537453 0.007255 -0.003013
1.000000 1128.796875 1745.699341 0.214612 27.000000 59.000000 219.000000 0.152566 0.372393 0.668757 0.210864 192.000000 0.516191 0.009261 -0.002862
1.000000 1148.976074 1797.295654 0.220047 27.000000 59.000000 219.000000 0.153975 0.343401 0.683921 0.209233 192.000000 0.529945 0.010641 -0.002967
1.000000 1120.215332 1773.667480 0.225805 27.000000 59.000000 219.000000 0.161335 0.511867 0.720131 0.224027 192.000000 0.558796 0.006508 -0.003101
1.000000 1125.447632 1795.101807 0.229290 27.000000 59.000000 203.000000 0.162100 0.463040 0.690773 0.227497 176.000000 0.528673 0.007117 -0.003217
1.000000 1170.241455 1853.330078 0.225921 27.000000 59.000000 219.000000 0.154440 0.400998 0.661714 0.218670 192.000000 0.507274 0.008147 -0.002769
1.000000 1172.425781 1833.221069 0.219851 27.000000 59.000000 219.000000 0.156054 0.380952 0.670261 0.204960 192.000000 0.514207 0.009041 -0.002908
1.000000 1198.933472 1841.680542 0.211387 27.000000 59.000000 219.000000 0.156519 0.317790 0.677952 0.202605 192.000000 0.521433 0.011255 -0.002971
1.000000 1149.529663 1823.447388 0.226681 27.000000 59.000000 219.000000 0.163796 0.497365 0.727920 0.227904 192.000000 0.564124 0.007205 -0.003125
1.000000 1089.133301 1726.031860 0.226238 27.000000 59.000000 219.000000 0.164021 0.466398 0.710716 0.227361 192.000000 0.546695 0.007635 -0.003021
1.000000 1044.022949 1663.229736 0.228721 27.000000 59.000000 219.000000 0.164520 0.461486 0.683266 0.233386 192.000000 0.518746 0.006931 -0.002812
1.000000 1093.254517 1746.298096 0.229981 27.000000 59.000000 219.000000 0.169718 0.469621 0.690101 0.224552 192.000000 0.520383 0.006890 -0.002910
1.000000 1175.292725 1843.724487 0.221407 27.000000 59.000000 219.000000 0.159987 0.404017 0.675354 0.211904 192.000000 0.515367 0.008479 -0.002897
1.000000 1169.137329 1843.772705 0.223915 27.000000 59.000000 219.000000 0.156729 0.374136 0.683157 0.217991 192.000000 0.526429 0.009657 -0.002907
1.000000 1154.151978 1794.041138 0.217045 27.000000 59.000000 219.000000 0.154570 0.523338 0.720147 0.215408 192.000000 0.565577 0.006150 -0.003155
1.000000 1080.655518 1706.149658 0.224448 27.000000 59.000000 203.000000 0.168079 0.465517 0.696463 0.234606 176.000000 0.528384 0.007217 -0.003207
1.000000 1098.310059 1711.050171 0.218107 27.000000 59.000000 219.000000 0.164326 0.393080 0.678108 0.216543 192.000000 0.513782 0.008907 -0.002885
1.000000 1040.863037 1695.803955 0.239321 27.000000 59.000000 219.000000 0.171450 0.406452 0.664945 0.241216 192.000000 0.493496 0.008078 -0.002648
1.000000 1089.760620 1753.313477 0.233393 27.000000 59.000000 203.000000 0.170381 0.362838 0.673575 0.237877 176.000000 0.503195 0.009711 -0.003026
1.000000 1132.673584 1781.008057 0.222514 27.000000 59.000000 203.000000 0.154212 0.384138 0.684063 0.216943 176.000000 0.529851 0.009373 -0.003244
1.000000 1142.886108 1778.690918 0.217624 27.000000 59.000000 219.000000 0.160123 0.397622 0.697553 0.212344 192.000000 0.537430 0.009373 -0.003033
1.000000 1099.533081 1746.801514 0.227404 27.000000 59.000000 219.000000 0.167019 0.464061 0.685594 0.237003 192.000000 0.518575 0.006923 -0.002804
1.000000 1135.561646 1805.030029 0.227665 27.000000 59.000000 219.000000 0.160976 0.418337 0.676739 0.223048 192.000000 0.515763 0.008075 -0.002836
1.000000 1179.970703 1838.397339 0.218140 27.000000 59.000000 219.000000 0.153795 0.329472 0.665801 0.210264 192.000000 0.512006 0.010510 -0.002847
1.000000 1065.380127 1731.415283 0.238142 27.000000 59.000000 219.000000 0.176471 0.340917 0.639335 0.236792 192.000000 0.462864 0.009326 -0.002516
1.000000 1046.527344 1727.540771 0.245493 27.000000 59.000000 219.000000 0.178113 0.428851 0.679372 0.248627 192.000000 0.501259 0.007829 -0.002692
1.000000 1109.349487 1758.013062 0.226223 27.000000 59.000000 219.000000 0.170073 0.417672 0.690985 0.223097 192.000000 0.520912 0.008541 -0.002924
1.000000 1175.791260 1882.969727 0.231198 27.000000 59.000000 219.000000 0.170213 0.322129 0.644781 0.221622 192.000000 0.474568 0.010083 -0.002645
1.000000 1117.956543 1817.886230 0.238408 27.000000 59.000000 219.000000 0.169220 0.414141 0.670429 0.233868 192.000000 0.501209 0.008009 -0.002729
1.000000 1149.689575 1819.390747 0.225558 27.000000 59.000000 219.000000 0.166446 0.322622 0.660571 0.227007 192.000000 0.494126 0.010561 -0.002710
1.000000 1160.155640 1830.449341 0.224133 27.000000 59.000000 203.000000 0.152498 0.303889 0.634305 0.222995 176.000000 0.481808 0.010325 -0.002856
1.000000 1105.746826 1740.768921 0.223087 27.000000 59.000000 219.000000 0.167344 0.312460 0.607244 0.225633 192.000000 0.439900 0.009212 -0.002385
1.000000 1096.661011 1744.223511 0.227944 27.000000 59.000000 203.000000 0.157786 0.418729 0.669715 0.218975 176.000000 0.511928 0.007843 -0.003130
1.000000 1170.460449 1817.494141 0.216547 27.000000 59.000000 219.000000 0.158961 0.419761 0.692564 0.214618 192.000000 0.533603 0.008525 -0.002987
1.000000 1193.536865 1887.954712 0.225351 27.000000 59.000000 203.000000 0.151148 0.380088 0.661785 0.213923 176.000000 0.510637 0.008803 -0.003110
1.000000 1158.561646 1829.616211 0.224570 27.000000 59.000000 219.000000 0.166220 0.369633 0.646321 0.222464 192.000000 0.480101 0.008646 -0.002649
1.000000 1166.351196 1828.977295 0.221220 11.000000 59.000000 219.000000 0.153088 0.271656 0.641906 0.214671 208.000000 0.488818 0.007714 -0.002670
1.000000 1153.868042 1799.510254 0.218611 27.000000 59.000000 219.000000 0.161932 0.282741 0.625510 0.220389 192.000000 0.463578 0.010712 -0.002532
1.000000 1069.382690 1729.805054 0.235934 27.000000 59.000000 219.000000 0.170977 0.375527 0.638185 0.240168 192.000000 0.467208 0.008208 -0.002488
1.000000 1061.985352 1716.304443 0.235511 27.000000 59.000000 219.000000 0.173548 0.437480 0.664829 0.242366 192.000000 0.491281 0.007105 -0.002640
1.000000 1095.666260 1736.491333 0.226267 27.000000 59.000000 219.000000 0.167702 0.469427 0.708185 0.222099 192.000000 0.540483 0.007461 -0.003038
1.000000 1179.973755 1847.378662 0.220458 27.000000 59.000000 219.000000 0.152196 0.393117 0.685048 0.217391 192.000000 0.532852 0.009123 -0.002923
1.000000 1159.462280 1825.008667 0.223003 27.000000 59.000000 219.000000 0.160534 0.306254 0.669235 0.219459 192.000000 0.508701 0.011343 -0.002811
1.000000 1180.121582 1919.848267 0.238624 11.000000 59.000000 219.000000 0.167438 0.281299 0.587097 0.236218 208.000000 0.419659 0.006371 -0.002193
1.000000 1247.008301 2016.184570 0.235713 27.000000 59.000000 219.000000 0.162835 0.283807 0.638626 0.221918 192.000000 0.475791 0.011088 -0.002604
1.000000 1197.076782 1879.351318 0.221775 27.000000 59.000000 219.000000 0.150223 0.311118 0.651507 0.212598 192.000000 0.501284 0.010637 -0.002743
1.000000 1148.524048 1828.928589 0.228519 27.000000 59.000000 219.000000 0.170814 0.333124 0.667319 0.226450 192.000000 0.496505 0.010444 -0.002755
1.000000 1148.372070 1841.919189 0.231933 27.000000 59.000000 219.000000 0.156199 0.364139 0.656918 0.227621 192.000000 0.500719 0.009149 -0.002683
1.000000 1129.044800 1812.767578 0.232415 27.000000 59.000000 219.000000 0.171979 0.373154 0.669980 0.226588 192.000000 0.498001 0.009276 -0.002771
1.000000 1099.071533 1761.886963 0.231676 27.000000 59.000000 219.000000 0.164498 0.345987 0.659550 0.236158 192.000000 0.495052 0.009799 -0.002646
1.000000 1075.633057 1743.372437 0.236871 27.000000 59.000000 219.000000 0.166491 0.341314 0.607133 0.235387 192.000000 0.440641 0.008307 -0.002323
1.000000 1091.936401 1763.485596 0.235184 27.000000 59.000000 219.000000 0.166372 0.394848 0.651791 0.235698 192.000000 0.485418 0.008029 -0.002601
1.000000 1143.766846 1799.111328 0.222688 27.000000 59.000000 219.000000 0.161996 0.398697 0.677115 0.216814 192.000000 0.515119 0.008701 -0.002877
1.000000 1199.174805 1846.410889 0.212516 27.000000 59.000000 219.000000 0.149088 0.345899 0.694429 0.209929 192.000000 0.545341 0.010892 -0.003028
1.000000 1234.326416 1911.761475 0.215326 27.000000 59.000000 203.000000 0.141964 0.361770 0.684935 0.198071 176.000000 0.542971 0.010099 -0.003381
1.000000 1103.526123 1760.399658 0.229361 27.000000 59.000000 219.000000 0.164003 0.358957 0.696105 0.224771 192.000000 0.532102 0.010536 -0.002946
1.000000 1116.291260 1766.629150 0.225583 27.000000 59.000000 203.000000 0.158659 0.310345 0.662281 0.222731 176.000000 0.503622 0.010998 -0.003052
1.000000 1097.560425 1750.761719 0.229328 11.000000 59.000000 219.000000 0.165798 0.286380 0.625270 0.224663 208.000000 0.459472 0.007060 -0.002504
1.000000 1185.476318 1904.025879 0.232578 27.000000 59.000000 219.000000 0.154983 0.305320 0.643929 0.220714 192.000000 0.488947 0.010582 -0.002645
1.000000 1211.934814 1919.484253 0.225952 27.000000 59.000000 219.000000 0.153007 0.318966 0.671634 0.211740 192.000000 0.518627 0.011021 -0.002874
1.000000 1193.654907 1900.010620 0.228323 27.000000 59.000000 203.000000 0.154877 0.357497 0.707842 0.217944 176.000000 0.552965 0.010948 -0.003402
1.000000 1250.859375 1944.746704 0.217138 27.000000 59.000000 203.000000 0.147249 0.332918 0.722236 0.203054 176.000000 0.574988 0.012166 -0.003605
1.000000 1119.312134 1850.646362 0.246244 27.000000 59.000000 219.000000 0.169104 0.393003 0.665348 0.242905 192.000000 0.496244 0.008511 -0.002640
1.000000 1145.325806 1870.117188 0.240360 27.000000 59.000000 203.000000 0.170748 0.356381 0.672551 0.240088 176.000000 0.501803 0.009880 -0.003003
1.000000 1173.900757 1831.138184 0.218712 27.000000 59.000000 219.000000 0.150404 0.324133 0.667050 0.210242 192.000000 0.516646 0.010716 -0.002855
1.000000 1085.085938 1695.271973 0.219463 27.000000 59.000000 203.000000 0.163923 0.364856 0.670540 0.219264 176.000000 0.506618 0.009553 -0.003134
1.000000 1038.861206 1743.627441 0.253286 27.000000 59.000000 203.000000 0.178623 0.364192 0.644092 0.256788 176.000000 0.465469 0.008747 -0.002690
1.000000 1054.696411 1748.574219 0.247524 27.000000 59.000000 219.000000 0.185714 0.408242 0.671949 0.251950 192.000000 0.486235 0.008241 -0.002625
1.000000 1155.073120 1832.637939 0.226784 27.000000 59.000000 203.000000 0.151596 0.412307 0.699301 0.223080 176.000000 0.547705 0.008969 -0.003307
1.000000 1201.145996 1838.917969 0.209789 27.000000 59.000000 203.000000 0.152542 0.345133 0.681127 0.205009 176.000000 0.528585 0.010500 -0.003306
1.000000 1165.476074 1784.872437 0.209940 27.000000 59.000000 219.000000 0.154958 0.342141 0.684478 0.202582 192.000000 0.529520 0.010698 -0.003012
1.000000 1162.855835 1812.201660 0.218263 27.000000 59.000000 203.000000 0.151269 0.346000 0.684006 0.214207 176.000000 0.532737 0.010563 -0.003262
1.000000 1038.212280 1671.738892 0.233778 27.000000 59.000000 203.000000 0.167332 0.330269 0.707804 0.229257 176.000000 0.540472 0.011798 -0.003323
1.000000 1164.571899 1846.315308 0.226426 27.000000 59.000000 219.000000 0.160000 0.348652 0.701953 0.218282 192.000000 0.541953 0.011041 -0.003023
1.000000 1179.830444 1842.353027 0.219220 27.000000 59.000000 219.000000 0.159099 0.376970 0.709240 0.214260 192.000000 0.550141 0.010383 -0.003094
1.000000 1282.857544 1983.108887 0.214409 27.000000 59.000000 203.000000 0.146053 0.357405 0.708397 0.196268 176.000000 0.562344 0.010968 -0.003556
1.000000 1077.071045 1705.669678 0.225892 27.000000 59.000000 219.000000 0.171429 0.361842 0.641379 0.226186 192.000000 0.469951 0.008736 -0.002595
1.000000 989.355957 1650.770752 0.250524 27.000000 59.000000 219.000000 0.183658 0.403005 0.649796 0.258684 192.000000 0.466138 0.007712 -0.002444
1.000000 1029.122070 1725.919189 0.252917 27.000000 59.000000 219.000000 0.180597 0.424658 0.665904 0.257773 192.000000 0.485307 0.007539 -0.002551
1.000000 1128.134766 1802.582642 0.230131 27.000000 59.000000 219.000000 0.171171 0.371392 0.675600 0.227928 192.000000 0.504429 0.009507 -0.002798
1.000000 1187.188110 1852.675049 0.218920 27.000000 59.000000 219.000000 0.147337 0.344229 0.686145 0.213499 192.000000 0.538808 0.010685 -0.002954
1.000000 1155.605469 1762.791870 0.208055 27.000000 59.000000 219.000000 0.152231 0.333562 0.682603 0.206545 192.000000 0.530372 0.010908 -0.002975
1.000000 1143.934326 1779.841187 0.217495 27.000000 59.000000 203.000000 0.154533 0.340778 0.700779 0.212393 176.000000 0.546246 0.011250 -0.003392
1.000000 1125.276978 1784.547852 0.226567 27.000000 59.000000 219.000000 0.154717 0.311118 0.693944 0.216747 192.000000 0.539227 0.011963 -0.002982
1.000000 1081.551147 1714.296753 0.226316 27.000000 59.000000 219.000000 0.163755 0.415753 0.733612 0.220000 192.000000 0.569857 0.009933 -0.003210
1.000000 1126.020264 1774.792480 0.223652 27.000000 59.000000 203.000000 0.162105 0.428302 0.738844 0.223635 176.000000 0.576739 0.009704 -0.003578
1.000000 1212.011108 1881.403931 0.216393 27.000000 59.000000 219.000000 0.158445 0.436864 0.733956 0.206006 192.000000 0.575511 0.009284 -0.003300
1.000000 1120.040527 1793.451050 0.231135 27.000000 59.000000 219.000000 0.161969 0.292058 0.592966 0.216836 192.000000 0.430997 0.009403 -0.002351
1.000000 1038.767822 1692.216309 0.239272 27.000000 59.000000 203.000000 0.177295 0.378981 0.619793 0.247596 176.000000 0.442499 0.007525 -0.002585
1.000000 1056.213013 1710.552490 0.236500 27.000000 59.000000 203.000000 0.170446 0.405459 0.696918 0.241998 176.000000 0.526472 0.009108 -0.003159
1.000000 1130.193848 1804.159912 0.229681 27.000000 59.000000 203.000000 0.156522 0.373193 0.695426 0.224371 176.000000 0.538904 0.010070 -0.003271
1.000000 1152.902344 1828.685059 0.226652 27.000000 59.000000 203.000000 0.163111 0.342032 0.682913 0.225337 176.000000 0.519802 0.010653 -0.003178
1.000000 1139.831543 1795.433716 0.223354 27.000000 59.000000 219.000000 0.157752 0.348315 0.700220 0.213426 192.000000 0.542468 0.010997 -0.003042
1.000000 1139.831543 1795.433716 0.223354 27.000000 59.000000 219.000000 0.157752 0.348315 0.700220 0.213426 192.000000 0.542468 0.010997 -0.003042
1.000000 1153.966675 1791.590576 0.216470 27.000000 59.000000 219.000000 0.157964 0.435829 0.748201 0.208863 192.000000 0.590237 0.009762 -0.003371
1.000000 1046.706299 1735.521362 0.247577 27.000000 59.000000 203.000000 0.176259 0.373163 0.612850 0.256746 176.000000 0.436591 0.007490 -0.002473
1.000000 1046.706299 1735.521362 0.247577 27.000000 59.000000 203.000000 0.176259 0.373163 0.612850 0.256746 176.000000 0.436591 0.007490 -0.002473
1.000000 1125.558350 1806.734131 0.232301 27.000000 59.000000 203.000000 0.167294 0.369629 0.649711 0.233506 176.000000 0.482417 0.008753 -0.002890
1.000000 1169.575439 1830.783691 0.220376 27.000000 59.000000 219.000000 0.151979 0.367417 0.683107 0.213257 192.000000 0.531128 0.009865 -0.002937
1.000000 1225.425171 1885.691040 0.212228 27.000000 59.000000 219.000000 0.151420 0.274718 0.659844 0.201521 192.000000 0.508425 0.012035 -0.002865
1.000000 1153.128540 1818.599487 0.223934 27.000000 59.000000 219.000000 0.157393 0.339239 0.692907 0.211237 192.000000 0.535514 0.011052 -0.003010
1.000000 1164.802612 1857.448975 0.229182 27.000000 59.000000 203.000000 0.153011 0.414234 0.730789 0.218035 176.000000 0.577778 0.009892 -0.003561
1.000000 1128.607544 1751.173950 0.216185 27.000000 59.000000 203.000000 0.154517 0.318313 0.642099 0.209545 176.000000 0.487583 0.010118 -0.003004
1.000000 1104.854980 1725.203857 0.219200 27.000000 59.000000 219.000000 0.150071 0.321543 0.630500 0.220628 192.000000 0.480429 0.009655 -0.002562
1.000000 1247.965942 1910.433228 0.209748 27.000000 59.000000 219.000000 0.139455 0.316035 0.667039 0.197391 192.000000 0.527584 0.010969 -0.002935
1.000000 1235.859497 1899.173828 0.211581 27.000000 59.000000 219.000000 0.155106 0.276847 0.650346 0.201933 192.000000 0.495240 0.011672 -0.002803
1.000000 1193.530396 1863.514648 0.219161 11.000000 59.000000 203.000000 0.144993 0.268132 0.650849 0.207265 192.000000 0.505856 0.007973 -0.003080
1.000000 1115.147339 1767.309692 0.226252 27.000000 59.000000 219.000000 0.162088 0.378809 0.668676 0.215171 192.000000 0.506588 0.009058 -0.002834
1.000000 1056.638916 1674.752686 0.226300 27.000000 59.000000 219.000000 0.169825 0.420223 0.693580 0.225730 192.000000 0.523754 0.008542 -0.002924
1.000000 1341.527466 1971.600830 0.190175 11.000000 59.000000 219.000000 0.139024 0.250397 0.638897 0.182345 208.000000 0.499873 0.008094 -0.002853
1.000000 1216.115967 1878.259521 0.213983 11.000000 59.000000 219.000000 0.154920 0.270283 0.670991 0.203218 208.000000 0.516071 0.008348 -0.002924
1.000000 1204.574463 1838.202881 0.208240 27.000000 59.000000 219.000000 0.141740 0.282723 0.675795 0.196653 192.000000 0.534055 0.012284 -0.002995
1.000000 1123.625122 1734.079346 0.213617 27.000000 59.000000 203.000000 0.161115 0.363458 0.686833 0.210546 176.000000 0.525718 0.010105 -0.003308
1.000000 1288.896362 1946.127563 0.203161 11.000000 59.000000 219.000000 0.147349 0.263297 0.657511 0.199098 208.000000 0.510162 0.008213 -0.002865
1.000000 1132.452881 1777.674194 0.221716 27.000000 59.000000 219.000000 0.158368 0.389198 0.720368 0.218909 192.000000 0.562000 0.010349 -0.003134
1.000000 1112.655518 1711.761841 0.212117 27.000000 59.000000 219.000000 0.152000 0.321282 0.696771 0.206729 192.000000 0.544771 0.011734 -0.003063
1.000000 1155.739014 1780.210327 0.212698 27.000000 59.000000 203.000000 0.146128 0.352725 0.692478 0.208580 176.000000 0.546350 0.010617 -0.003360
1.000000 1128.669312 1752.594360 0.216546 27.000000 59.000000 203.000000 0.160217 0.317057 0.669317 0.209234 176.000000 0.509100 0.011008 -0.003195
1.000000 1109.908691 1714.938354 0.214181 27.000000 59.000000 219.000000 0.153684 0.329538 0.679823 0.205197 192.000000 0.526139 0.010946 -0.002966
1.000000 1239.901611 1875.081787 0.203911 27.000000 59.000000 219.000000 0.143878 0.306861 0.697245 0.192294 192.000000 0.553367 0.012199 -0.003156
1.000000 1190.114990 1815.922852 0.208184 27.000000 59.000000 219.000000 0.140434 0.306268 0.698528 0.195958 192.000000 0.558094 0.012258 -0.003141
1.000000 1115.611206 1706.852051 0.209477 27.000000 59.000000 219.000000 0.155493 0.308392 0.692053 0.197997 192.000000 0.536560 0.011989 -0.003088
1.000000 1201.194824 1829.749023 0.207379 27.000000 59.000000 219.000000 0.143949 0.266225 0.638262 0.191706 192.000000 0.494313 0.011626 -0.002791
1.000000 1140.738159 1746.583984 0.209830 27.000000 59.000000 219.000000 0.144403 0.276338 0.682665 0.201201 192.000000 0.538262 0.012698 -0.003009
1.000000 1268.619507 1877.542114 0.193545 27.000000 59.000000 219.000000 0.134855 0.264894 0.612408 0.177285 192.000000 0.477552 0.010860 -0.002720
1.000000 1225.438477 1826.061035 0.196829 27.000000 59.000000 219.000000 0.130546 0.279723 0.621993 0.170801 192.000000 0.491447 0.010696 -0.002820
1.000000 1167.501221 1774.849243 0.206416 11.000000 59.000000 219.000000 0.142951 0.255080 0.643219 0.197921 208.000000 0.500267 0.008086 -0.002783
1.000000 1278.408936 1861.161499 0.185615 27.000000 59.000000 219.000000 0.123487 0.274094 0.624009 0.166436 192.000000 0.500522 0.010935 -0.002860
1.000000 1210.042480 1759.919067 0.185146 27.000000 59.000000 203.000000 0.131818 0.250349 0.608734 0.165748 176.000000 0.476915 0.011200 -0.003076
1.000000 1228.309937 1779.329346 0.183207 27.000000 59.000000 203.000000 0.134348 0.289132 0.677648 0.170274 176.000000 0.543300 0.012141 -0.003523
